set()
77 ( 0 ) 5        in uturn 178.97736433879703 fast
( 0 ) 5 1  0.006255310215196874 
( 0 ) 5 2  0.0054882569250161994 
( 0 ) 5 3  0.005094132319550915 
( 0 ) 5 4  0.00500783208285982 
( 0 ) 5 5  1.0153986762901577 
---------------------
( 0 ) 5 6  4.475756428435355 
( 0 ) 5 7  9.322504928006856 
( 0 ) 5 8  14.395152467139631 
( 0 ) 5 9  18.84205788852716 
( 0 ) 5 10  23.001400867701502 
( 0 ) 5 11  27.0742730755377 
( 0 ) 5 12  30.82614959793962 
( 0 ) 5 13  34.213104556093356 
( 0 ) 5 14  37.258505573500145 
( 0 ) 5 15  40.000708653563954 
( 0 ) 5 16  42.7568815602726 
( 0 ) 5 17  45.99568475519003 
( 0 ) 5 18  49.77197714800027 
( 0 ) 5 19  53.63223964892018 
( 0 ) 5 20  57.37048466539901 
Selected 18.84205788852716
( 0 ) 5 10 upcoming uturn 135.35637975756538 far 

78 ( 1 ) 6        in uturn 174.62220344382123 fast
( 1 ) 6 2  0.001534106895492493 
( 1 ) 6 3  0.0017417665043065744 
( 1 ) 6 4  0.001663303942279315 
( 1 ) 6 5  1.277431579398999 
( 1 ) 6 6  5.388785655259838 
---------------------
( 1 ) 6 7  10.933212414134614 
( 1 ) 6 8  16.566264359174173 
( 1 ) 6 9  21.351657014529906 
( 1 ) 6 10  25.740245727155173 
( 1 ) 6 11  29.989710803318257 
( 1 ) 6 12  33.8466455848996 
( 1 ) 6 13  37.27736990961674 
( 1 ) 6 14  40.32138529093681 
( 1 ) 6 15  43.030963530068995 
( 1 ) 6 16  45.760829553814524 
( 1 ) 6 17  49.02757567922085 
( 1 ) 6 18  52.918949460273524 
( 1 ) 6 19  56.98807113993383 
( 1 ) 6 20  60.963220589449776 
( 1 ) 6 21  64.52144309036467 
Selected 16.566264359174173
( 1 ) 6 11 upcoming uturn 130.75099259444264 far 

79 ( 2 ) 7        in uturn 166.81924904909908 fast
( 2 ) 7 3  0.00041531880440370816 
( 2 ) 7 4  0.0001937954758108873 
( 2 ) 7 5  1.7019550239317556 
( 2 ) 7 6  6.751472718107129 
( 2 ) 7 7  13.190594879504715 
---------------------
( 2 ) 7 8  19.465923766346044 
( 2 ) 7 9  24.573154231335238 
( 2 ) 7 10  29.144274310074554 
( 2 ) 7 11  33.51763075224002 
( 2 ) 7 12  37.419410783099146 
( 2 ) 7 13  40.83188220072038 
( 2 ) 7 14  43.815349440665386 
( 2 ) 7 15  46.43840959332026 
( 2 ) 7 16  49.09663090492673 
( 2 ) 7 17  52.356795200811824 
( 2 ) 7 18  56.34146918507513 
( 2 ) 7 19  60.61105601355904 
( 2 ) 7 20  64.81558956423598 
( 2 ) 7 21  68.65939143926205 
( 2 ) 7 22  71.10566285934186 
Selected 19.465923766346044
( 2 ) 7 12 upcoming uturn 132.2952822126971 far 

80 ( 3 ) 8        in uturn 156.47460117752556 fast
( 3 ) 8 4  0.00044304689157759203 
( 3 ) 8 5  2.554306913150548 
( 3 ) 8 6  9.032712366074467 
( 3 ) 8 7  16.592933939724812 
( 3 ) 8 8  23.52974859838991 
---------------------
( 3 ) 8 9  28.845520735555226 
( 3 ) 8 10  33.47038520206884 
( 3 ) 8 11  37.85164659602221 
( 3 ) 8 12  41.68842250364082 
( 3 ) 8 13  44.982931234530405 
( 3 ) 8 14  47.81886745770171 
( 3 ) 8 15  50.28131565757881 
( 3 ) 8 16  52.807635937104976 
( 3 ) 8 17  56.014789338366874 
( 3 ) 8 18  60.060754710650464 
( 3 ) 8 19  64.5128161287752 
( 3 ) 8 20  68.92888342553286 
( 3 ) 8 21  73.04564800858023 
( 3 ) 8 22  75.87324098388656 
( 3 ) 8 23  76.80101434392742 
Selected 23.52974859838991
( 3 ) 8 13 upcoming uturn 138.27441254427833 far 

81 ( 4 ) 9        in uturn 145.3007598448182 fast
( 4 ) 9 5  5.116963945959851 
( 4 ) 9 6  13.601023879069984 
( 4 ) 9 7  22.244391423328768 
( 4 ) 9 8  29.551419234722765 
( 4 ) 9 9  34.69998282127139 
---------------------
( 4 ) 9 10  39.07422874746898 
( 4 ) 9 11  43.231386428759386 
( 4 ) 9 12  46.8140503976671 
( 4 ) 9 13  49.83723284201485 
( 4 ) 9 14  52.40264540755971 
( 4 ) 9 15  54.606266352225894 
( 4 ) 9 16  56.923466945429226 
( 4 ) 9 17  60.01771026092561 
( 4 ) 9 18  64.08106187226412 
( 4 ) 9 19  68.68593597796823 
( 4 ) 9 20  73.2835011833921 
( 4 ) 9 21  77.64710720336416 
( 4 ) 9 22  80.84960861463121 
( 4 ) 9 23  82.2680392396938 
( 4 ) 9 24  83.42772596457132 
Selected 34.69998282127139
( 4 ) 9 14 upcoming uturn 145.5077288855935 far 

0 ( 5 ) 10        in uturn 135.35637975756538 fast
( 5 ) 10 6  16.97581497022658 
( 5 ) 10 7  25.702625487336206 
( 5 ) 10 8  32.53402910898102 
( 5 ) 10 9  36.844629997307884 
( 5 ) 10 10  40.54680390417181 
---------------------
( 5 ) 10 11  44.212156808233814 
( 5 ) 10 12  47.35007903033091 
( 5 ) 10 13  49.963125033435915 
( 5 ) 10 14  52.15642097275019 
( 5 ) 10 15  54.026397862032724 
( 5 ) 10 16  56.08129277675959 
( 5 ) 10 17  59.0276514897492 
( 5 ) 10 18  63.088765772269184 
( 5 ) 10 19  67.83768598308541 
( 5 ) 10 20  72.60654714139552 
( 5 ) 10 21  77.20732192868358 
( 5 ) 10 22  80.78293025981529 
( 5 ) 10 23  82.70457802327286 
( 5 ) 10 24  84.47722078019054 
( 5 ) 10 25  86.52613339932178 
Selected 40.54680390417181
( 5 ) 10 15 upcoming uturn 153.42564659423135 far 

1 ( 6 ) 11        in uturn 130.75099259444264 fast
( 6 ) 11 7  17.45357589373836 
( 6 ) 11 8  23.291262173210434 
( 6 ) 11 9  26.399655426256665 
( 6 ) 11 10  29.344003432624206 
( 6 ) 11 11  32.54350776582246 
---------------------
( 6 ) 11 12  35.27573296960715 
( 6 ) 11 13  37.51951334448531 
( 6 ) 11 14  39.381608611263026 
( 6 ) 11 15  40.957806209340816 
( 6 ) 11 16  42.79664397416508 
( 6 ) 11 17  45.655151468560376 
( 6 ) 11 18  49.78492062903776 
( 6 ) 11 19  54.75072626775476 
( 6 ) 11 20  59.75863615923345 
( 6 ) 11 21  64.6585192007935 
( 6 ) 11 22  68.65585248313138 
( 6 ) 11 23  71.11285177293344 
( 6 ) 11 24  73.53428286211194 
( 6 ) 11 25  76.38276019370977 
( 6 ) 11 26  79.84875832019613 
Selected 32.54350776582246
( 6 ) 11 16 upcoming uturn 159.61522468905494 far 

2 ( 7 ) 12        in uturn 132.2952822126971 fast
( 7 ) 12 8  11.653967721117091 
( 7 ) 12 9  13.391329361929884 
( 7 ) 12 10  15.82336823096309 
( 7 ) 12 11  18.830099049002037 
( 7 ) 12 12  21.348985584969995 
---------------------
( 7 ) 12 13  23.365756010636943 
( 7 ) 12 14  25.00934424998337 
( 7 ) 12 15  26.385085710586736 
( 7 ) 12 16  28.098474984024108 
( 7 ) 12 17  30.969086000692556 
( 7 ) 12 18  35.272820569401176 
( 7 ) 12 19  40.55639138100622 
( 7 ) 12 20  45.895388530513614 
( 7 ) 12 21  51.17758020267739 
( 7 ) 12 22  55.663457989006616 
( 7 ) 12 23  58.70522529983471 
( 7 ) 12 24  61.836547887174405 
( 7 ) 12 25  65.56730918864069 
( 7 ) 12 26  70.14155037651298 
( 7 ) 12 27  76.93462232223862 
Selected 21.348985584969995
( 7 ) 12 17 upcoming uturn 160.71484633116103 far 

3 ( 8 ) 13        in uturn 138.27441254427833 fast
( 8 ) 13 9  3.4748339872860683 
( 8 ) 13 10  6.255862015578572 
( 8 ) 13 11  9.573186743491576 
( 8 ) 13 12  12.123104717284612 
( 8 ) 13 13  14.055456569961272 
---------------------
( 8 ) 13 14  15.57896044447859 
( 8 ) 13 15  16.829791295742602 
( 8 ) 13 16  18.493541466452136 
( 8 ) 13 17  21.465701814961413 
( 8 ) 13 18  26.042029130303284 
( 8 ) 13 19  31.74217565787658 
( 8 ) 13 20  37.500222658851264 
( 8 ) 13 21  43.246074702411185 
( 8 ) 13 22  48.29860405444327 
( 8 ) 13 23  52.00587387949398 
( 8 ) 13 24  55.950745377021285 
( 8 ) 13 25  60.69716796727129 
( 8 ) 13 26  66.53768398257608 
( 8 ) 13 27  74.6946228985272 
( 8 ) 13 28  84.9578072519814 
Selected 18.493541466452136
( 8 ) 13 18 upcoming uturn 155.43594063953958 far 

4 ( 9 ) 14        in uturn 145.5077288855935 fast
( 9 ) 14 10  5.563523030756002 
( 9 ) 14 11  9.150146461846376 
( 9 ) 14 12  11.530497753111405 
( 9 ) 14 13  13.221331998141494 
( 9 ) 14 14  14.517097417349945 
---------------------
( 9 ) 14 15  15.570213039387866 
( 9 ) 14 16  17.153373631223687 
( 9 ) 14 17  20.24013485204668 
( 9 ) 14 18  25.136187573660266 
( 9 ) 14 19  31.32168732642681 
( 9 ) 14 20  37.555632418924446 
( 9 ) 14 21  43.82164389510544 
( 9 ) 14 22  49.520005076926026 
( 9 ) 14 23  54.00902315890524 
( 9 ) 14 24  58.909134560263325 
( 9 ) 14 25  64.8234261065592 
( 9 ) 14 26  72.05275842960174 
( 9 ) 14 27  81.4769517955254 
( 9 ) 14 28  91.82605837800011 
( 9 ) 14 29  98.56139748000246 
Selected 20.24013485204668
( 9 ) 14 19 upcoming uturn 143.93245032382248 far 

5 ( 10 ) 15        in uturn 153.42564659423135 fast
( 10 ) 15 11  7.171719490113631 
( 10 ) 15 12  8.94622152320504 
( 10 ) 15 13  10.204172795553816 
( 10 ) 15 14  11.184347441520373 
( 10 ) 15 15  11.999441706816356 
---------------------
( 10 ) 15 16  13.51371882823851 
( 10 ) 15 17  16.77753346933443 
( 10 ) 15 18  22.088568870197847 
( 10 ) 15 19  28.87055846791928 
( 10 ) 15 20  35.66914865926846 
( 10 ) 15 21  42.53676294232551 
( 10 ) 15 22  48.981081775624375 
( 10 ) 15 23  54.387328863124765 
( 10 ) 15 24  60.397644902887436 
( 10 ) 15 25  67.62027049285585 
( 10 ) 15 26  76.2882396387442 
( 10 ) 15 27  86.73054766976195 
( 10 ) 15 28  96.64565138836538 
( 10 ) 15 29  102.04290503268193 
( 10 ) 15 30  102.30683335431847 
Selected 16.77753346933443
( 10 ) 15 20 upcoming uturn 127.76214278181828 far 

6 ( 11 ) 16        in uturn 159.61522468905494 fast
( 11 ) 16 12  3.5485820232416927 
( 11 ) 16 13  4.547984725694562 
( 11 ) 16 14  5.349231757718556 
( 11 ) 16 15  6.033504049435834 
( 11 ) 16 16  7.610662953756361 
---------------------
( 11 ) 16 17  11.219778011740658 
( 11 ) 16 18  17.129616371683184 
( 11 ) 16 19  24.691814399061457 
( 11 ) 16 20  32.19711053286426 
( 11 ) 16 21  39.78930861803302 
( 11 ) 16 22  47.116635076905354 
( 11 ) 16 23  53.61214457370879 
( 11 ) 16 24  60.9146816070845 
( 11 ) 16 25  69.5741124092934 
( 11 ) 16 26  79.64080650596384 
( 11 ) 16 27  90.7194655466144 
( 11 ) 16 28  99.73244531636013 
( 11 ) 16 29  103.67370997266988 
( 11 ) 16 30  102.7696236656302 
( 11 ) 16 31  99.47901156885013 
Selected 17.129616371683184
( 11 ) 16 21 upcoming uturn 108.81239975433002 immediate 

7 ( 12 ) 17        in uturn 160.71484633116103 fast
( 12 ) 17 13  1.9987600804745824 
( 12 ) 17 14  2.7008844935963623 
( 12 ) 17 15  3.3130888971045636 
( 12 ) 17 16  5.0790613376678095 
( 12 ) 17 17  9.221513001294497 
---------------------
( 12 ) 17 18  15.942820312009829 
( 12 ) 17 19  24.501606021803752 
( 12 ) 17 20  32.85743868581615 
( 12 ) 17 21  41.287260360332354 
( 12 ) 17 22  49.63826671373785 
( 12 ) 17 23  57.41384753841746 
( 12 ) 17 24  66.15593352519818 
( 12 ) 17 25  76.22732487864013 
( 12 ) 17 26  87.3564172969632 
( 12 ) 17 27  98.40121910347656 
( 12 ) 17 28  106.04163846324366 
( 12 ) 17 29  108.50181709562926 
( 12 ) 17 30  106.56820152255537 
( 12 ) 17 31  102.61737089439504 
( 12 ) 17 32  98.11428780889253 
Selected 15.942820312009829
( 12 ) 17 22 upcoming uturn 90.38201906298241 immediate 

8 ( 13 ) 18        in uturn 155.43594063953958 fast
( 13 ) 18 14  1.404239902602967 
( 13 ) 18 15  1.9714725523262473 
( 13 ) 18 16  4.1090748985479735 
( 13 ) 18 17  9.04968417355768 
( 13 ) 18 18  16.8620973185497 
---------------------
( 13 ) 18 19  26.685760835426976 
( 13 ) 18 20  36.0243910017534 
( 13 ) 18 21  45.36699624216563 
( 13 ) 18 22  54.84640849777209 
( 13 ) 18 23  64.04364967477538 
( 13 ) 18 24  74.21373931137238 
( 13 ) 18 25  85.36901112803618 
( 13 ) 18 26  96.8824318061997 
( 13 ) 18 27  107.14161729655638 
( 13 ) 18 28  113.15354531853905 
( 13 ) 18 29  114.25737506388981 
( 13 ) 18 30  111.49336607623536 
( 13 ) 18 31  107.04539099530552 
( 13 ) 18 32  102.1826313004657 
( 13 ) 18 33  100.62907241645529 
Selected 16.8620973185497
( 13 ) 18 23 upcoming uturn 75.99672980493861 immediate 

9 ( 14 ) 19        in uturn 143.93245032382248 fast
( 14 ) 19 15  1.1344630581233162 
( 14 ) 19 16  4.060603513618943 
( 14 ) 19 17  10.225472852524149 
( 14 ) 19 18  19.502114759954807 
( 14 ) 19 19  30.897822566338576 
---------------------
( 14 ) 19 20  41.269031246742514 
( 14 ) 19 21  51.48077902073392 
( 14 ) 19 22  62.06931131635521 
( 14 ) 19 23  72.65687774914745 
( 14 ) 19 24  83.93391619169644 
( 14 ) 19 25  95.49316501460417 
( 14 ) 19 26  106.55597339356012 
( 14 ) 19 27  115.48264958471691 
( 14 ) 19 28  119.88499167238098 
( 14 ) 19 29  119.86292868490898 
( 14 ) 19 30  116.48984043911861 
( 14 ) 19 31  111.7146164364051 
( 14 ) 19 32  106.62445875976584 
( 14 ) 19 33  104.5849266969439 
( 14 ) 19 34  105.69670732575656 
Selected 30.897822566338576
( 14 ) 19 24 upcoming uturn 70.6874115918458 immediate 

10 ( 15 ) 20        in uturn 127.76214278181828 fast
( 15 ) 20 16  5.860782979960916 
( 15 ) 20 17  13.681035694841938 
( 15 ) 20 18  24.721120981797583 
( 15 ) 20 19  37.84584089635817 
( 15 ) 20 20  48.97953437044187 
---------------------
( 15 ) 20 21  59.71293611158673 
( 15 ) 20 22  71.11184123993864 
( 15 ) 20 23  82.72525462719382 
( 15 ) 20 24  94.4161573768027 
( 15 ) 20 25  105.52379914788565 
( 15 ) 20 26  115.45832053525766 
( 15 ) 20 27  122.84466217713549 
( 15 ) 20 28  125.84508811554298 
( 15 ) 20 29  124.9595216004704 
( 15 ) 20 30  121.18393696317906 
( 15 ) 20 31  116.23604143003729 
( 15 ) 20 32  111.04325443263309 
( 15 ) 20 33  108.59668738726702 
( 15 ) 20 34  109.25995394172293 
( 15 ) 20 35  111.72540659730674 
Selected 48.97953437044187
( 15 ) 20 25 upcoming uturn 72.51551994084309 immediate 

11 ( 16 ) 21        in uturn 108.81239975433002 slow
( 16 ) 21 17  15.650306743573111 
( 16 ) 21 18  28.468982065640603 
( 16 ) 21 19  43.113494899119516 
( 16 ) 21 20  54.248498447901085 
( 16 ) 21 21  64.85143515502287 
---------------------
( 16 ) 21 22  76.55643698674797 
( 16 ) 21 23  88.64674509758649 
( 16 ) 21 24  100.04973808245222 
( 16 ) 21 25  110.13758193969423 
( 16 ) 21 26  118.695720714607 
( 16 ) 21 27  124.6300811015808 
( 16 ) 21 28  126.47017063268814 
( 16 ) 21 29  124.9075982272596 
( 16 ) 21 30  120.84380821466144 
( 16 ) 21 31  115.79811518555451 
( 16 ) 21 32  110.56179526067231 
( 16 ) 21 33  107.76018209994797 
( 16 ) 21 34  108.0016379831358 
( 16 ) 21 35  110.10412031722535 
( 16 ) 21 36  111.0117958121775 
Selected 64.85143515502287
( 16 ) 21 26 upcoming uturn 81.51869893256779 immediate 

12 ( 17 ) 22        in uturn 90.38201906298241 slow
( 17 ) 22 18  25.77976529704661 
( 17 ) 22 19  41.38475465920996 
( 17 ) 22 20  51.31798512181808 
( 17 ) 22 21  61.127425449958196 
( 17 ) 22 22  72.79094117357715 
---------------------
( 17 ) 22 23  85.03874955727957 
( 17 ) 22 24  95.8229479905616 
( 17 ) 22 25  104.7474622529542 
( 17 ) 22 26  111.98814701398723 
( 17 ) 22 27  116.63976242590027 
( 17 ) 22 28  117.456849195909 
( 17 ) 22 29  115.26266085330249 
( 17 ) 22 30  110.89293287123402 
( 17 ) 22 31  105.71001673819461 
( 17 ) 22 32  100.38748008232199 
( 17 ) 22 33  97.21396334997553 
( 17 ) 22 34  97.04125665360652 
( 17 ) 22 35  98.80404842649273 
( 17 ) 22 36  99.40185571525552 
( 17 ) 22 37  98.26843796482592 
Selected 72.79094117357715
( 17 ) 22 27 upcoming uturn 100.07500541646733 immediate 

13 ( 18 ) 23        in uturn 75.99672980493861 slow
( 18 ) 23 19  31.03477432884118 
( 18 ) 23 20  37.931024991433176 
( 18 ) 23 21  46.6772587526594 
( 18 ) 23 22  58.47358813973585 
( 18 ) 23 23  71.03580953230414 
---------------------
( 18 ) 23 24  81.26310781451883 
( 18 ) 23 25  89.14625646147454 
( 18 ) 23 26  95.25157629966111 
( 18 ) 23 27  98.78059247122235 
( 18 ) 23 28  98.6230989151743 
( 18 ) 23 29  95.74487504301715 
( 18 ) 23 30  90.95490699454928 
( 18 ) 23 31  85.50263363752896 
( 18 ) 23 32  79.96090884591928 
( 18 ) 23 33  76.34324262528298 
( 18 ) 23 34  75.76162855123141 
( 18 ) 23 35  77.23359693653657 
( 18 ) 23 36  77.54165675885372 
( 18 ) 23 37  76.14227142422658 
( 18 ) 23 38  78.52435456041826 
Selected 71.03580953230414
( 18 ) 23 28 upcoming uturn 129.135111976081 far 

14 ( 19 ) 24        in uturn 70.6874115918458 slow
( 19 ) 24 20  13.78382364345336 
( 19 ) 24 21  23.51628508010944 
( 19 ) 24 22  36.9407139926866 
( 19 ) 24 23  50.71021516228268 
( 19 ) 24 24  60.75031856694761 
---------------------
( 19 ) 24 25  67.81571114533602 
( 19 ) 24 26  72.97645445081201 
( 19 ) 24 27  75.49884369512256 
( 19 ) 24 28  74.35304933257282 
( 19 ) 24 29  70.684210617156 
( 19 ) 24 30  65.30454481656318 
( 19 ) 24 31  59.39107417600235 
( 19 ) 24 32  53.43304180825862 
( 19 ) 24 33  49.27478957187668 
( 19 ) 24 34  48.313599035232755 
( 19 ) 24 35  49.585733698430204 
( 19 ) 24 36  49.65413350293136 
( 19 ) 24 37  47.98468783409419 
( 19 ) 24 38  50.32340446115444 
( 19 ) 24 39  51.834091970019415 
Selected 60.75031856694761
( 19 ) 24 29 upcoming uturn 160.98248867857905 far 

15 ( 20 ) 25        in uturn 72.51551994084309 slow
( 20 ) 25 21  19.517789704512666 
( 20 ) 25 22  35.042397628095614 
( 20 ) 25 23  49.67476059811065 
( 20 ) 25 24  58.69375732180225 
( 20 ) 25 25  64.3545614367236 
---------------------
( 20 ) 25 26  68.24135670303292 
( 20 ) 25 27  69.57592392074508 
( 20 ) 25 28  67.32973677383546 
( 20 ) 25 29  62.783255193785294 
( 20 ) 25 30  56.72921806032571 
( 20 ) 25 31  50.26477092116596 
( 20 ) 25 32  43.79098144456805 
( 20 ) 25 33  39.00639833788824 
( 20 ) 25 34  37.64621039295321 
( 20 ) 25 35  38.74190084449981 
( 20 ) 25 36  38.57866306242238 
( 20 ) 25 37  36.626598245466994 
( 20 ) 25 38  38.959513032578855 
( 20 ) 25 39  40.406670067796654 
( 20 ) 25 40  38.83000763398428 
Selected 56.72921806032571
( 20 ) 25 30 upcoming uturn 164.15044941824752 far 

16 ( 21 ) 26        in uturn 81.51869893256779 slow
( 21 ) 26 22  31.163151164831305 
( 21 ) 26 23  45.174644184064576 
( 21 ) 26 24  51.714413968534345 
( 21 ) 26 25  55.26308293138176 
( 21 ) 26 26  57.56627650502817 
---------------------
( 21 ) 26 27  57.54845606077306 
( 21 ) 26 28  54.06082028860834 
( 21 ) 26 29  48.49445440923864 
( 21 ) 26 30  41.60372865265251 
( 21 ) 26 31  34.40904532877548 
( 21 ) 26 32  27.225603824932563 
( 21 ) 26 33  21.716228457342595 
( 21 ) 26 34  19.998004611762042 
( 21 ) 26 35  21.01638484779761 
( 21 ) 26 36  20.6843812750285 
( 21 ) 26 37  18.46828338410654 
( 21 ) 26 38  20.882508353825784 
( 21 ) 26 39  22.333643505913187 
( 21 ) 26 40  20.57291159497774 
( 21 ) 26 41  17.88566636237175 
Selected 34.40904532877548
( 21 ) 26 31 upcoming uturn 128.12635994078653 far 

17 ( 22 ) 27        in uturn 100.07500541646733 slow
( 22 ) 27 23  27.856263014413955 
( 22 ) 27 24  30.534563652575088 
( 22 ) 27 25  31.822341203807312 
( 22 ) 27 26  32.702636683449484 
( 22 ) 27 27  31.436631618424727 
---------------------
( 22 ) 27 28  26.648680843076747 
( 22 ) 27 29  19.908003918189095 
( 22 ) 27 30  11.929977035802523 
( 22 ) 27 31  3.7051888286439123 
( 22 ) 27 32  4.496339945105007 
( 22 ) 27 33  10.674746710210798 
( 22 ) 27 34  12.451352980689506 
( 22 ) 27 35  11.196045729026736 
( 22 ) 27 36  11.45933982406379 
( 22 ) 27 37  13.788387811877726 
( 22 ) 27 38  11.108662270165894 
( 22 ) 27 39  9.492985058289918 
( 22 ) 27 40  11.334048367099797 
( 22 ) 27 41  14.162587301740587 
( 22 ) 27 42  17.52209579556572 
Selected 3.7051888286439123
( 22 ) 27 32 upcoming uturn 98.99267205969822 immediate 

18 ( 23 ) 28        in uturn 129.135111976081 fast
( 23 ) 28 24  5.347263179726085 
( 23 ) 28 25  5.94111480234227 
( 23 ) 28 26  6.454666106251295 
( 23 ) 28 27  4.476962414379912 
( 23 ) 28 28  1.4551042998292587 
---------------------
( 23 ) 28 29  9.37328647352966 
( 23 ) 28 30  18.576089000495998 
( 23 ) 28 31  28.008135429493578 
( 23 ) 28 32  37.354519101060376 
( 23 ) 28 33  43.774242310041544 
( 23 ) 28 34  45.07085252610567 
( 23 ) 28 35  43.17938691552355 
( 23 ) 28 36  43.04136174150345 
( 23 ) 28 37  45.22052327460203 
( 23 ) 28 38  42.11447085443534 
( 23 ) 28 39  40.17157330024226 
( 23 ) 28 40  41.92748518934921 
( 23 ) 28 41  44.765741502357045 
( 23 ) 28 42  48.19274797990671 
( 23 ) 28 43  51.79569157034392 
Selected 18.576089000495998
( 23 ) 28 33 upcoming uturn 92.02136573656819 immediate 

19 ( 24 ) 29        in uturn 160.98248867857905 fast
( 24 ) 29 25  1.1876954822501489 
( 24 ) 29 26  1.6610890989166904 
( 24 ) 29 27  1.162621057986101 
( 24 ) 29 28  8.556144946909399 
( 24 ) 29 29  17.900460818568718 
---------------------
( 24 ) 29 30  28.55948754420598 
( 24 ) 29 31  39.36157772527423 
( 24 ) 29 32  49.88468133917863 
( 24 ) 29 33  56.14344334384245 
( 24 ) 29 34  56.59101559334482 
( 24 ) 29 35  53.8367100365287 
( 24 ) 29 36  53.11015982300884 
( 24 ) 29 37  54.992353012450366 
( 24 ) 29 38  51.39020001369039 
( 24 ) 29 39  49.04535336819865 
( 24 ) 29 40  50.636062303089346 
( 24 ) 29 41  53.4204638216755 
( 24 ) 29 42  56.863167666787916 
( 24 ) 29 43  60.507337901899376 
( 24 ) 29 44  64.21282569293999 
Selected 17.900460818568718
( 24 ) 29 34 upcoming uturn 102.74773498302298 immediate 

20 ( 25 ) 30        in uturn 164.15044941824752 fast
( 25 ) 30 26  0.9467853587488833 
( 25 ) 30 27  3.538091701975418 
( 25 ) 30 28  13.101651600979338 
( 25 ) 30 29  24.22787734705463 
( 25 ) 30 30  36.56715169076301 
---------------------
( 25 ) 30 31  48.779136107233825 
( 25 ) 30 32  60.28691060689536 
( 25 ) 30 33  65.81276221904298 
( 25 ) 30 34  65.0458490556262 
( 25 ) 30 35  61.24062042755321 
( 25 ) 30 36  59.755453247125985 
( 25 ) 30 37  61.20155825221224 
( 25 ) 30 38  57.053151394359475 
( 25 ) 30 39  54.244953544577214 
( 25 ) 30 40  55.59976058063285 
( 25 ) 30 41  58.27507210927703 
( 25 ) 30 42  61.68896621450722 
( 25 ) 30 43  65.33512013323312 
( 25 ) 30 44  69.05286662817926 
( 25 ) 30 45  71.38798580389744 
Selected 36.56715169076301
( 25 ) 30 35 upcoming uturn 130.501475221287 far 

21 ( 26 ) 31        in uturn 128.12635994078653 fast
( 26 ) 31 27  9.040481060087188 
( 26 ) 31 28  21.25613622386389 
( 26 ) 31 29  33.982193268733 
( 26 ) 31 30  47.71199941018938 
( 26 ) 31 31  60.80852175415569 
---------------------
( 26 ) 31 32  72.5589210901841 
( 26 ) 31 33  76.57180779499629 
( 26 ) 31 34  74.26750023701643 
( 26 ) 31 35  69.28769627285448 
( 26 ) 31 36  66.88609460771806 
( 26 ) 31 37  67.7440628449603 
( 26 ) 31 38  63.02319809502896 
( 26 ) 31 39  59.69908675972141 
( 26 ) 31 40  60.737694555266444 
( 26 ) 31 41  63.23874980432032 
( 26 ) 31 42  66.57029320136348 
( 26 ) 31 43  70.17158643861754 
( 26 ) 31 44  73.85853879269621 
( 26 ) 31 45  76.03078807235647 
( 26 ) 31 46  76.10827951428939 
Selected 60.80852175415569
( 26 ) 31 36 upcoming uturn 168.13913109847184 far 

22 ( 27 ) 32        in uturn 98.99267205969822 slow
( 27 ) 32 28  24.305948862933434 
( 27 ) 32 29  37.359569983995925 
( 27 ) 32 30  51.64252130260809 
( 27 ) 32 31  64.73007656059139 
( 27 ) 32 32  75.86822229692893 
---------------------
( 27 ) 32 33  77.81262923190371 
( 27 ) 32 34  73.79287844773637 
( 27 ) 32 35  67.55277759745405 
( 27 ) 32 36  64.1272644216871 
( 27 ) 32 37  64.31896773641779 
( 27 ) 32 38  58.9802320451349 
( 27 ) 32 39  55.0905105234865 
( 27 ) 32 40  55.78673749019734 
( 27 ) 32 41  58.10614126057669 
( 27 ) 32 42  61.3575484652379 
( 27 ) 32 43  64.91928106890552 
( 27 ) 32 44  68.5816362693414 
( 27 ) 32 45  70.59200844026469 
( 27 ) 32 46  70.43950459934979 
( 27 ) 32 47  68.59847595513315 
Selected 64.1272644216871
( 27 ) 32 37 upcoming uturn 158.19839335032947 far 

23 ( 28 ) 33        in uturn 92.02136573656819 slow
( 28 ) 33 29  26.200118157856764 
( 28 ) 33 30  41.152364747130775 
( 28 ) 33 31  53.9031667694116 
( 28 ) 33 32  64.10410262363484 
( 28 ) 33 33  63.56905266096555 
---------------------
( 28 ) 33 34  57.52324057803338 
( 28 ) 33 35  49.72916641391316 
( 28 ) 33 36  45.13042821784063 
( 28 ) 33 37  44.678581665178854 
( 28 ) 33 38  38.56329190159852 
( 28 ) 33 39  34.022113099189056 
( 28 ) 33 40  34.45827825317028 
( 28 ) 33 41  36.70873046038244 
( 28 ) 33 42  39.996607546410075 
( 28 ) 33 43  43.62763838251709 
( 28 ) 33 44  47.36583021832848 
( 28 ) 33 45  49.28151421737289 
( 28 ) 33 46  48.92094251320975 
( 28 ) 33 47  46.85057418578651 
( 28 ) 33 48  44.25193630286947 
Selected 38.56329190159852
( 28 ) 33 38 upcoming uturn 130.23978357910303 far 

24 ( 29 ) 34        in uturn 102.74773498302298 slow
( 29 ) 34 30  29.84311693094901 
( 29 ) 34 31  41.34136826083824 
( 29 ) 34 32  50.09644881450129 
( 29 ) 34 33  46.35384778327068 
( 29 ) 34 34  37.740658595667355 
---------------------
( 29 ) 34 35  27.92393484710624 
( 29 ) 34 36  22.013211086575552 
( 29 ) 34 37  21.06670954965648 
( 29 ) 34 38  14.004981485845633 
( 29 ) 34 39  8.78042970618219 
( 29 ) 34 40  9.159061327083862 
( 29 ) 34 41  11.547583023285313 
( 29 ) 34 42  15.056944509536606 
( 29 ) 34 43  18.917885160741207 
( 29 ) 34 44  22.873755989064193 
( 29 ) 34 45  24.80761161753901 
( 29 ) 34 46  24.30039065784149 
( 29 ) 34 47  22.01364363331311 
( 29 ) 34 48  19.196717912503686 
( 29 ) 34 49  16.324206140807178 
Selected 8.78042970618219
( 29 ) 34 39 upcoming uturn 122.06351900581721 far 

25 ( 30 ) 35        in uturn 130.501475221287 fast
( 30 ) 35 31  22.952868238928858 
( 30 ) 35 32  30.274431046237368 
( 30 ) 35 33  22.084880964810083 
( 30 ) 35 34  10.058184521672644 
( 30 ) 35 35  2.377203183601466 
---------------------
( 30 ) 35 36  9.385238084095988 
( 30 ) 35 37  10.232582676063402 
( 30 ) 35 38  18.249513495581596 
( 30 ) 35 39  23.932003720660305 
( 30 ) 35 40  23.161698361076787 
( 30 ) 35 41  20.278095453648803 
( 30 ) 35 42  16.27328476279547 
( 30 ) 35 43  11.960584981539483 
( 30 ) 35 44  7.59721758210182 
( 30 ) 35 45  5.455774613738754 
( 30 ) 35 46  5.969717581502863 
( 30 ) 35 47  8.396109288805036 
( 30 ) 35 48  11.378211654730023 
( 30 ) 35 49  14.405885749000106 
( 30 ) 35 50  17.47466769289514 
Selected 2.377203183601466
( 30 ) 35 40 upcoming uturn 139.9522093138252 far 

26 ( 31 ) 36        in uturn 168.13913109847184 fast
( 31 ) 36 32  14.65609533325231 
( 31 ) 36 33  1.3212254407477246 
( 31 ) 36 34  17.69735119736194 
( 31 ) 36 35  32.784331715468596 
( 31 ) 36 36  39.6731425950714 
---------------------
( 31 ) 36 37  39.25831545886297 
( 31 ) 36 38  47.78308743309162 
( 31 ) 36 39  53.322975036040134 
( 31 ) 36 40  51.64258860885218 
( 31 ) 36 41  47.942029066064606 
( 31 ) 36 42  43.23542855359159 
( 31 ) 36 43  38.31483414552929 
( 31 ) 36 44  33.41118729591554 
( 31 ) 36 45  30.875786249623417 
( 31 ) 36 46  31.223406922154226 
( 31 ) 36 47  33.663962857278364 
( 31 ) 36 48  36.708343980036574 
( 31 ) 36 49  39.797129658237964 
( 31 ) 36 50  42.92601584610395 
( 31 ) 36 51  45.98788349265254 
Selected 39.25831545886297
( 31 ) 36 41 upcoming uturn 163.55396309273542 far 

27 ( 32 ) 37        in uturn 158.19839335032947 fast
( 32 ) 37 33  32.02339167922672 
( 32 ) 37 34  48.6931150296236 
( 32 ) 37 35  63.10204510933829 
( 32 ) 37 36  66.99788977461475 
( 32 ) 37 37  63.89153187666193 
---------------------
( 32 ) 37 38  71.94328953701194 
( 32 ) 37 39  76.55582853011975 
( 32 ) 37 40  73.65459296213396 
( 32 ) 37 41  69.0148774525129 
( 32 ) 37 42  63.56312543168417 
( 32 ) 37 43  58.005818660424836 
( 32 ) 37 44  52.529522994308536 
( 32 ) 37 45  49.4682157996901 
( 32 ) 37 46  49.49168871859318 
( 32 ) 37 47  51.812600575621886 
( 32 ) 37 48  54.80406282127245 
( 32 ) 37 49  57.85042598975838 
( 32 ) 37 50  60.94498448450054 
( 32 ) 37 51  63.96810249849159 
( 32 ) 37 52  66.91632028157517 
Selected 63.56312543168417
( 32 ) 37 42 upcoming uturn 179.27949168750212 far 

28 ( 33 ) 38        in uturn 130.23978357910303 fast
( 33 ) 38 34  33.43538574059289 
( 33 ) 38 35  46.405630537047955 
( 33 ) 38 36  46.154164946658284 
( 33 ) 38 37  39.70735771755756 
( 33 ) 38 38  47.81997074169158 
---------------------
( 33 ) 38 39  51.7608836805357 
( 33 ) 38 40  47.52606679907694 
( 33 ) 38 41  41.7828356572835 
( 33 ) 38 42  35.398774985972864 
( 33 ) 38 43  29.02739297407902 
( 33 ) 38 44  22.82114878904997 
( 33 ) 38 45  19.25509870042501 
( 33 ) 38 46  19.10768095367783 
( 33 ) 38 47  21.49469680802315 
( 33 ) 38 48  24.605670399610744 
( 33 ) 38 49  27.763079176907297 
( 33 ) 38 50  30.961773444561686 
( 33 ) 38 51  34.07173066151597 
( 33 ) 38 52  37.09141922860067 
( 33 ) 38 53  40.045479556236614 
Selected 29.02739297407902
( 33 ) 38 43 upcoming uturn 139.7540045822255 far 

29 ( 34 ) 39        in uturn 122.06351900581721 fast
( 34 ) 39 35  25.751855123506857 
( 34 ) 39 36  19.008575063977446 
( 34 ) 39 37  8.430480776008011 
( 34 ) 39 38  18.198784327597195 
( 34 ) 39 39  22.189125481825954 
---------------------
( 34 ) 39 40  16.609344678978715 
( 34 ) 39 41  9.677137131397018 
( 34 ) 39 42  2.251373395691303 
( 34 ) 39 43  5.011507580071481 
( 34 ) 39 44  11.977862244117091 
( 34 ) 39 45  15.816981849269212 
( 34 ) 39 46  15.80706859157874 
( 34 ) 39 47  13.07376159317971 
( 34 ) 39 48  9.612251559027868 
( 34 ) 39 49  6.145306258493889 
( 34 ) 39 50  2.668917890026023 
( 34 ) 39 51  0.6840621174498835 
( 34 ) 39 52  3.9170490808254783 
( 34 ) 39 53  7.060540497973619 
( 34 ) 39 54  10.14258871330398 
Selected 2.251373395691303
( 34 ) 39 44 upcoming uturn 111.7933076630083 far 

30 ( 35 ) 40        in uturn 139.9522093138252 fast
( 35 ) 40 36  13.522438298704458 
( 35 ) 40 37  26.20672695736215 
( 35 ) 40 38  10.350696400353115 
( 35 ) 40 39  4.551265091125089 
( 35 ) 40 40  11.176675101369 
---------------------
( 35 ) 40 41  19.119365627372957 
( 35 ) 40 42  27.43218502000903 
( 35 ) 40 43  35.38078855203091 
( 35 ) 40 44  42.84313659760039 
( 35 ) 40 45  46.49000869150109 
( 35 ) 40 46  45.91931624192512 
( 35 ) 40 47  42.58786373264604 
( 35 ) 40 48  38.59182215736496 
( 35 ) 40 49  34.659204963826596 
( 35 ) 40 50  30.770094379988933 
( 35 ) 40 51  27.050472188521894 
( 35 ) 40 52  23.490261953165458 
( 35 ) 40 53  20.052633883947067 
( 35 ) 40 54  16.703946883413778 
( 35 ) 40 55  13.38619739217259 
Selected 11.176675101369
( 35 ) 40 45 upcoming uturn 112.31591237264433 far 

31 ( 36 ) 41        in uturn 163.55396309273542 fast
( 36 ) 41 37  25.539309985084174 
( 36 ) 41 38  5.026197263017281 
( 36 ) 41 39  12.360241558556055 
( 36 ) 41 40  3.0155884358345872 
( 36 ) 41 41  6.912919409033691 
---------------------
( 36 ) 41 42  16.732406970884114 
( 36 ) 41 43  25.759741523651087 
( 36 ) 41 44  33.9632606849529 
( 36 ) 41 45  37.4531040832868 
( 36 ) 41 46  36.26346079401998 
( 36 ) 41 47  32.25005414735466 
( 36 ) 41 48  27.642669644634395 
( 36 ) 41 49  23.183397447252275 
( 36 ) 41 50  18.832411616673397 
( 36 ) 41 51  14.709874788601212 
( 36 ) 41 52  10.797155646195364 
( 36 ) 41 53  7.04867748047289 
( 36 ) 41 54  3.423130604600118 
( 36 ) 41 55  0.14617118378146188 
( 36 ) 41 56  3.692564718427633 
Selected 6.912919409033691
( 36 ) 41 46 upcoming uturn 124.52264879315015 far 

32 ( 37 ) 42        in uturn 179.27949168750212 fast
( 37 ) 42 38  60.833741744343286 
( 37 ) 42 39  55.96127591604966 
( 37 ) 42 40  38.70806226387481 
( 37 ) 42 41  24.064225233757156 
( 37 ) 42 42  11.02213930462625 
---------------------
( 37 ) 42 43  0.268937124903772 
( 37 ) 42 44  10.056181302096519 
( 37 ) 42 45  13.86115258814138 
( 37 ) 42 46  12.232250248069562 
( 37 ) 42 47  7.56171001720972 
( 37 ) 42 48  2.3489354703844185 
( 37 ) 42 49  2.6110409856697743 
( 37 ) 42 50  7.38484253112199 
( 37 ) 42 51  11.85366969127125 
( 37 ) 42 52  16.049532544919998 
( 37 ) 42 53  20.03206995882408 
( 37 ) 42 54  23.854079609464634 
( 37 ) 42 55  27.595043226934706 
( 37 ) 42 56  31.295813686123893 
( 37 ) 42 57  34.78734333399194 
Selected 0.268937124903772
( 37 ) 42 47 upcoming uturn 144.35776050180118 far 

33 ( 38 ) 43        in uturn 139.7540045822255 fast
( 38 ) 43 39  9.88987053015343 
( 38 ) 43 40  34.19559513541857 
( 38 ) 43 41  50.03201573487185 
( 38 ) 43 42  62.91923037857464 
( 38 ) 43 43  73.38525900073734 
---------------------
( 38 ) 43 44  82.09349103852759 
( 38 ) 43 45  84.20483213763288 
( 38 ) 43 46  81.1716833635187 
( 38 ) 43 47  75.52720839429412 
( 38 ) 43 48  69.51928637577709 
( 38 ) 43 49  63.85250876754293 
( 38 ) 43 50  58.44554117294892 
( 38 ) 43 51  53.39948661633714 
( 38 ) 43 52  48.679659292263764 
( 38 ) 43 53  44.223215542496504 
( 38 ) 43 54  39.97235955750055 
( 38 ) 43 55  35.841758267167776 
( 38 ) 43 56  31.783890494603142 
( 38 ) 43 57  27.964564498066736 
( 38 ) 43 58  24.418467523571152 
Selected 69.51928637577709
( 38 ) 43 48 upcoming uturn 172.1459672070207 far 

34 ( 39 ) 44        in uturn 111.7933076630083 fast
( 39 ) 44 40  47.88006325716796 
( 39 ) 44 41  58.68276713989803 
( 39 ) 44 42  68.60028732065996 
( 39 ) 44 43  76.77652476830349 
( 39 ) 44 44  83.65154490907378 
---------------------
( 39 ) 44 45  83.8351823678986 
( 39 ) 44 46  79.36937032904814 
( 39 ) 44 47  72.7518353796936 
( 39 ) 44 48  65.92505694796512 
( 39 ) 44 49  59.504326948706705 
( 39 ) 44 50  53.40522653663618 
( 39 ) 44 51  47.7180133346053 
( 39 ) 44 52  42.411560205715375 
( 39 ) 44 53  37.4233346879804 
( 39 ) 44 54  32.69194682276046 
( 39 ) 44 55  28.12587509297171 
( 39 ) 44 56  23.67012629886142 
( 39 ) 44 57  19.490066676094955 
( 39 ) 44 58  15.622707031031297 
( 39 ) 44 59  12.056117765471782 
Selected 59.504326948706705
( 39 ) 44 49 upcoming uturn 129.69692333625923 far 

35 ( 40 ) 45        in uturn 112.31591237264433 fast
( 40 ) 45 41  21.547328141626508 
( 40 ) 45 42  30.969731998101224 
( 40 ) 45 43  38.32631187571866 
( 40 ) 45 44  44.40502372490954 
( 40 ) 45 45  42.86282240195794 
---------------------
( 40 ) 45 46  36.735702963458834 
( 40 ) 45 47  28.728158944942834 
( 40 ) 45 48  20.694463555201537 
( 40 ) 45 49  13.236964018696597 
( 40 ) 45 50  6.249074335864407 
( 40 ) 45 51  0.18201695042498045 
( 40 ) 45 52  6.1004002999451075 
( 40 ) 45 53  11.58895875088902 
( 40 ) 45 54  16.730085444862596 
( 40 ) 45 55  21.63946472433227 
( 40 ) 45 56  26.38886995744599 
( 40 ) 45 57  30.794094138678958 
( 40 ) 45 58  34.82112523293782 
( 40 ) 45 59  38.49261595921712 
( 40 ) 45 60  41.836884116688026 
Selected 6.249074335864407
( 40 ) 45 50 upcoming uturn 105.20194094289114 immediate 

36 ( 41 ) 46        in uturn 124.52264879315015 fast
( 41 ) 46 42  18.79987733146126 
( 41 ) 46 43  25.089488627513788 
( 41 ) 46 44  30.354234344408837 
( 41 ) 46 45  26.607497835470582 
( 41 ) 46 46  18.367440446194735 
---------------------
( 41 ) 46 47  8.550461569396674 
( 41 ) 46 48  1.0033911367032147 
( 41 ) 46 49  9.660610178827568 
( 41 ) 46 50  17.582080806010822 
( 41 ) 46 51  24.696004977732855 
( 41 ) 46 52  31.09223817940301 
( 41 ) 46 53  36.904869894251874 
( 41 ) 46 54  42.25928359421471 
( 41 ) 46 55  47.311617750857465 
( 41 ) 46 56  52.15741397664033 
( 41 ) 46 57  56.58718118699801 
( 41 ) 46 58  60.57716680770409 
( 41 ) 46 59  64.1678489491245 
( 41 ) 46 60  67.4020675739066 
( 41 ) 46 61  70.327815602991 
Selected 1.0033911367032147
( 41 ) 46 51 upcoming uturn 95.86764193023241 immediate 

37 ( 42 ) 47        in uturn 144.35776050180118 fast
( 42 ) 47 43  12.580041086098106 
( 42 ) 47 44  17.32051775290516 
( 42 ) 47 45  10.460529564518936 
( 42 ) 47 46  0.5492476143390661 
( 42 ) 47 47  12.663297322493321 
---------------------
( 42 ) 47 48  23.927924611720698 
( 42 ) 47 49  33.67122461670897 
( 42 ) 47 50  42.23673527244682 
( 42 ) 47 51  49.63985543044265 
( 42 ) 47 52  56.09016247201134 
( 42 ) 47 53  61.81765986233768 
( 42 ) 47 54  67.01051457214976 
( 42 ) 47 55  71.87134001789502 
( 42 ) 47 56  76.516427334774 
( 42 ) 47 57  80.7076614317865 
( 42 ) 47 58  84.4339213428363 
( 42 ) 47 59  87.75266749112166 
( 42 ) 47 60  90.71799436669488 
( 42 ) 47 61  93.38517841581609 
( 42 ) 47 62  97.26120422130032 
Selected 12.663297322493321
( 42 ) 47 52 upcoming uturn 100.69981479144349 immediate 

38 ( 43 ) 48        in uturn 172.1459672070207 fast
( 43 ) 48 44  9.477495041197656 
( 43 ) 48 45  3.213886971954338 
( 43 ) 48 46  17.88801614087481 
( 43 ) 48 47  32.56150668726397 
( 43 ) 48 48  45.16595413874924 
---------------------
( 43 ) 48 49  55.259956565081666 
( 43 ) 48 50  63.68295949350818 
( 43 ) 48 51  70.65544195160174 
( 43 ) 48 52  76.56061988571969 
( 43 ) 48 53  81.72511486020369 
( 43 ) 48 54  86.38041076855012 
( 43 ) 48 55  90.75159780354761 
( 43 ) 48 56  94.95571295371371 
( 43 ) 48 57  98.72221369431861 
( 43 ) 48 58  102.04502518499339 
( 43 ) 48 59  104.98898823871923 
( 43 ) 48 60  107.61095308277993 
( 43 ) 48 61  109.96631740502761 
( 43 ) 48 62  113.69170495401823 
( 43 ) 48 63  117.51211219048412 
Selected 45.16595413874924
( 43 ) 48 53 upcoming uturn 115.16982185523197 far 

39 ( 44 ) 49        in uturn 129.69692333625923 fast
( 44 ) 49 45  25.589142000606117 
( 44 ) 49 46  41.33381679791081 
( 44 ) 49 47  56.466575608303415 
( 44 ) 49 48  68.24570276893809 
( 44 ) 49 49  76.93633661221844 
---------------------
( 44 ) 49 50  83.97750653867581 
( 44 ) 49 51  89.68393619286945 
( 44 ) 49 52  94.49283675089697 
( 44 ) 49 53  98.72884669049012 
( 44 ) 49 54  102.59981231224953 
( 44 ) 49 55  106.30787483555258 
( 44 ) 49 56  109.94462095821456 
( 44 ) 49 57  113.20530167891764 
( 44 ) 49 58  116.07774591603709 
( 44 ) 49 59  118.62318782959369 
( 44 ) 49 60  120.8934097022269 
( 44 ) 49 61  122.93834465666225 
( 44 ) 49 62  126.46305870399294 
( 44 ) 49 63  130.20591836744336 
( 44 ) 49 64  134.07565146787636 
Selected 76.93633661221844
( 44 ) 49 54 upcoming uturn 132.45842199928595 far 

40 ( 45 ) 50        in uturn 105.20194094289114 slow
( 45 ) 50 46  31.338923490922156 
( 45 ) 50 47  46.20573466100359 
( 45 ) 50 48  56.31770756625491 
( 45 ) 50 49  63.19177047399256 
( 45 ) 50 50  68.75083625492834 
---------------------
( 45 ) 50 51  73.22705482193231 
( 45 ) 50 52  77.0302509880251 
( 45 ) 50 53  80.44513173359019 
( 45 ) 50 54  83.63975169797754 
( 45 ) 50 55  86.7889136667518 
( 45 ) 50 56  89.95723551739655 
( 45 ) 50 57  92.79672513642794 
( 45 ) 50 58  95.28824437305241 
( 45 ) 50 59  97.49118764834748 
( 45 ) 50 60  99.45423081194775 
( 45 ) 50 61  101.2239025664881 
( 45 ) 50 62  104.62219786837858 
( 45 ) 50 63  108.37868879541253 
( 45 ) 50 64  112.2383734644456 
( 45 ) 50 65  116.23737728594395 
Selected 68.75083625492834
( 45 ) 50 55 upcoming uturn 145.0805725899326 far 

41 ( 46 ) 51        in uturn 95.86764193023241 slow
( 46 ) 51 47  29.878366565356373 
( 46 ) 51 48  37.284560662730996 
( 46 ) 51 49  42.097964834672325 
( 46 ) 51 50  46.2749418752677 
( 46 ) 51 51  49.69426559080159 
---------------------
( 46 ) 51 52  52.677080641589214 
( 46 ) 51 53  55.44819158200397 
( 46 ) 51 54  58.12976179912317 
( 46 ) 51 55  60.87127155054225 
( 46 ) 51 56  63.71121700036389 
( 46 ) 51 57  66.24732069951835 
( 46 ) 51 58  68.45512939725461 
( 46 ) 51 59  70.39607757296244 
( 46 ) 51 60  72.11884944063195 
( 46 ) 51 61  73.66927443994285 
( 46 ) 51 62  77.03781426613057 
( 46 ) 51 63  80.91500191722844 
( 46 ) 51 64  84.87705122680103 
( 46 ) 51 65  88.93293676340738 
( 46 ) 51 66  88.93293676340738 
Selected 49.69426559080159
( 46 ) 51 56 upcoming uturn 152.1833181886498 far 

42 ( 47 ) 52        in uturn 100.69981479144349 slow
( 47 ) 52 48  14.689747292090999 
( 47 ) 52 49  18.207055424644636 
( 47 ) 52 50  21.73414628384208 
( 47 ) 52 51  24.63396102089723 
( 47 ) 52 52  27.21458660146091 
---------------------
( 47 ) 52 53  29.680013503405803 
( 47 ) 52 54  32.12862133064337 
( 47 ) 52 55  34.701920575165516 
( 47 ) 52 56  37.42141800372492 
( 47 ) 52 57  39.825986882853314 
( 47 ) 52 58  41.892556016344244 
( 47 ) 52 59  43.69138835023442 
( 47 ) 52 60  45.2759881515137 
( 47 ) 52 61  46.695177841226695 
( 47 ) 52 62  50.13948409122359 
( 47 ) 52 63  54.23197049076357 
( 47 ) 52 64  58.396504991933114 
( 47 ) 52 65  62.61669140476168 
( 47 ) 52 66  62.61669140476168 
( 47 ) 52 67  66.59399562805268 
Selected 27.21458660146091
( 47 ) 52 57 upcoming uturn 154.80521352930128 far 

43 ( 48 ) 53        in uturn 115.16982185523197 fast
( 48 ) 53 49  7.036479185685266 
( 48 ) 53 50  10.567185918182474 
( 48 ) 53 51  13.255616009028955 
( 48 ) 53 52  15.648689406923921 
( 48 ) 53 53  17.97744797573924 
---------------------
( 48 ) 53 54  20.331604144514486 
( 48 ) 53 55  22.85592778717465 
( 48 ) 53 56  25.558218329120933 
( 48 ) 53 57  27.910242976320333 
( 48 ) 53 58  29.897159123405643 
( 48 ) 53 59  31.604014000618065 
( 48 ) 53 60  33.09257459354805 
( 48 ) 53 61  34.41687351292245 
( 48 ) 53 62  37.993073248289065 
( 48 ) 53 63  42.35702884422166 
( 48 ) 53 64  46.77983742650805 
( 48 ) 53 65  51.218525993678455 
( 48 ) 53 66  51.218525993678455 
( 48 ) 53 67  55.46174788882303 
( 48 ) 53 68  58.618416702289764 
Selected 20.331604144514486
( 48 ) 53 58 upcoming uturn 156.18918692175725 far 

44 ( 49 ) 54        in uturn 132.45842199928595 fast
( 49 ) 54 50  7.058798709116388 
( 49 ) 54 51  9.324068260347715 
( 49 ) 54 52  11.476526284300391 
( 49 ) 54 53  13.668341865038144 
( 49 ) 54 54  15.945256078271584 
---------------------
( 49 ) 54 55  18.447378783439575 
( 49 ) 54 56  21.16073594277495 
( 49 ) 54 57  23.47355897247401 
( 49 ) 54 58  25.386037904858554 
( 49 ) 54 59  27.003227252887072 
( 49 ) 54 60  28.397309264977395 
( 49 ) 54 61  29.62846738328585 
( 49 ) 54 62  33.367074515919654 
( 49 ) 54 63  38.043720460338676 
( 49 ) 54 64  42.7613229744351 
( 49 ) 54 65  47.44686012708097 
( 49 ) 54 66  47.44686012708097 
( 49 ) 54 67  51.98480577214646 
( 49 ) 54 68  55.5319051273116 
( 49 ) 54 69  58.866090042589306 
Selected 18.447378783439575
( 49 ) 54 59 upcoming uturn 157.9292707241587 far 

45 ( 50 ) 55        in uturn 145.0805725899326 fast
( 50 ) 55 51  4.530271015600874 
( 50 ) 55 52  6.626161406829496 
( 50 ) 55 53  8.812332192417827 
( 50 ) 55 54  11.10807570242055 
( 50 ) 55 55  13.66794842182459 
---------------------
( 50 ) 55 56  16.45698605692813 
( 50 ) 55 57  18.763318332909947 
( 50 ) 55 58  20.617810831537042 
( 50 ) 55 59  22.15522367743864 
( 50 ) 55 60  23.462079532260688 
( 50 ) 55 61  24.60645476922872 
( 50 ) 55 62  28.54941221551458 
( 50 ) 55 63  33.59283205275 
( 50 ) 55 64  38.652996620504524 
( 50 ) 55 65  43.62225713001084 
( 50 ) 55 66  43.62225713001084 
( 50 ) 55 67  48.49185690110346 
( 50 ) 55 68  52.474433907603895 
( 50 ) 55 69  56.31137067883296 
( 50 ) 55 70  60.64786155777006 
Selected 20.617810831537042
( 50 ) 55 60 upcoming uturn 160.47998352490197 far 

46 ( 51 ) 56        in uturn 152.1833181886498 fast
( 51 ) 56 52  4.1917716742431 
( 51 ) 56 53  6.423252759968946 
( 51 ) 56 54  8.771041798681452 
( 51 ) 56 55  11.424392777260493 
( 51 ) 56 56  14.317284634301927 
---------------------
( 51 ) 56 57  16.608901198191703 
( 51 ) 56 58  18.385406137613785 
( 51 ) 56 59  19.82309471891044 
( 51 ) 56 60  21.025924248954624 
( 51 ) 56 61  22.070411258420663 
( 51 ) 56 62  26.256438257990055 
( 51 ) 56 63  31.726842232816267 
( 51 ) 56 64  37.17842535440742 
( 51 ) 56 65  42.46221221195229 
( 51 ) 56 66  42.46221221195229 
( 51 ) 56 67  47.69676211257442 
( 51 ) 56 68  52.16631572376865 
( 51 ) 56 69  56.56474235635078 
( 51 ) 56 70  61.52726160248889 
( 51 ) 56 71  67.13382386553468 
Selected 19.82309471891044
( 51 ) 56 61 upcoming uturn 164.5646641406256 far 

47 ( 52 ) 57        in uturn 154.80521352930128 fast
( 52 ) 57 53  4.463047928811392 
( 52 ) 57 54  6.869307082204159 
( 52 ) 57 55  9.645276619631517 
( 52 ) 57 56  12.661039888526858 
( 52 ) 57 57  14.902305195422983 
---------------------
( 52 ) 57 58  16.55671388669579 
( 52 ) 57 59  17.857559996963644 
( 52 ) 57 60  18.927856043778945 
( 52 ) 57 61  19.851449507945958 
( 52 ) 57 62  24.32911618465326 
( 52 ) 57 63  30.302566077647413 
( 52 ) 57 64  36.2043095570379 
( 52 ) 57 65  41.83562906899934 
( 52 ) 57 66  41.83562906899934 
( 52 ) 57 67  47.47059212118242 
( 52 ) 57 68  52.4856460291123 
( 52 ) 57 69  57.50965647803241 
( 52 ) 57 70  63.150624926386634 
( 52 ) 57 71  69.45662225207114 
( 52 ) 57 72  76.41883107242808 
Selected 19.851449507945958
( 52 ) 57 62 upcoming uturn 160.59219438232782 far 

48 ( 53 ) 58        in uturn 156.18918692175725 fast
( 53 ) 58 54  4.812775732680365 
( 53 ) 58 55  7.774636295279649 
( 53 ) 58 56  10.93352470951696 
( 53 ) 58 57  13.048676352824856 
( 53 ) 58 58  14.507892540524978 
---------------------
( 53 ) 58 59  15.618943459598043 
( 53 ) 58 60  16.520504873460126 
( 53 ) 58 61  17.29916160801885 
( 53 ) 58 62  22.137537639891576 
( 53 ) 58 63  28.71578944899045 
( 53 ) 58 64  35.14326665077007 
( 53 ) 58 65  41.161319619761386 
( 53 ) 58 66  41.161319619761386 
( 53 ) 58 67  47.236992469653885 
( 53 ) 58 68  52.864396555336064 
( 53 ) 58 69  58.58243205929689 
( 53 ) 58 70  64.94674186648982 
( 53 ) 58 71  71.95067875796283 
( 53 ) 58 72  79.50615217950022 
( 53 ) 58 73  87.32911640628244 
Selected 17.29916160801885
( 53 ) 58 63 upcoming uturn 148.2607123445569 far 

49 ( 54 ) 59        in uturn 157.9292707241587 fast
( 54 ) 59 55  5.924181954265038 
( 54 ) 59 56  9.18189791888129 
( 54 ) 59 57  10.978239071243067 
( 54 ) 59 58  12.112861770993803 
( 54 ) 59 59  12.959320293660795 
---------------------
( 54 ) 59 60  13.649583738009554 
( 54 ) 59 61  14.259797286584913 
( 54 ) 59 62  19.56265230943123 
( 54 ) 59 63  26.88717734979778 
( 54 ) 59 64  33.94095349193776 
( 54 ) 59 65  40.39340400831914 
( 54 ) 59 66  40.39340400831914 
( 54 ) 59 67  46.955979161439906 
( 54 ) 59 68  53.27211923167033 
( 54 ) 59 69  59.75499290942951 
( 54 ) 59 70  66.8728735419975 
( 54 ) 59 71  74.53839737962798 
( 54 ) 59 72  82.5687654311663 
( 54 ) 59 73  90.5032014074697 
( 54 ) 59 74  94.69847612539118 
Selected 19.56265230943123
( 54 ) 59 64 upcoming uturn 131.01270292693874 far 

50 ( 55 ) 60        in uturn 160.47998352490197 fast
( 55 ) 60 56  6.514829034891605 
( 55 ) 60 57  7.578190078110424 
( 55 ) 60 58  8.247702187102263 
( 55 ) 60 59  8.789597389834967 
( 55 ) 60 60  9.26591659132184 
---------------------
( 55 ) 60 61  9.72016924974416 
( 55 ) 60 62  15.667542752741312 
( 55 ) 60 63  23.95251530085484 
( 55 ) 60 64  31.78202937427568 
( 55 ) 60 65  38.73962396943684 
( 55 ) 60 66  38.73962396943684 
( 55 ) 60 67  45.851832084713585 
( 55 ) 60 68  52.95034824103122 
( 55 ) 60 69  60.275355917017826 
( 55 ) 60 70  68.16337586253636 
( 55 ) 60 71  76.42243017562892 
( 55 ) 60 72  84.7761292258603 
( 55 ) 60 73  92.62518061462883 
( 55 ) 60 74  95.95335405920531 
( 55 ) 60 75  96.76155969649488 
Selected 15.667542752741312
( 55 ) 60 65 upcoming uturn 113.37883093924351 far 

51 ( 56 ) 61        in uturn 164.5646641406256 fast
( 56 ) 61 57  2.126381604967463 
( 56 ) 61 58  2.598961225993122 
( 56 ) 61 59  3.0326630306634286 
( 56 ) 61 60  3.4384818516492146 
( 56 ) 61 61  3.8460141687848335 
---------------------
( 56 ) 61 62  10.759351522593164 
( 56 ) 61 63  20.343070102464367 
( 56 ) 61 64  29.175762213756443 
( 56 ) 61 65  36.73960333831279 
( 56 ) 61 66  36.73960333831279 
( 56 ) 61 67  44.48356546186417 
( 56 ) 61 68  52.47982144321334 
( 56 ) 61 69  60.72798344181977 
( 56 ) 61 70  69.37716911174356 
( 56 ) 61 71  78.1177181079337 
( 56 ) 61 72  86.60726232451043 
( 56 ) 61 73  94.17283412970566 
( 56 ) 61 74  96.5731144271538 
( 56 ) 61 75  96.59024433033113 
( 56 ) 61 76  96.38863875303754 
Selected 20.343070102464367
( 56 ) 61 66 upcoming uturn 100.58637086975833 immediate 

52 ( 57 ) 62        in uturn 160.59219438232782 fast
( 57 ) 62 58  0.9451575991958805 
( 57 ) 62 59  1.3594177751101313 
( 57 ) 62 60  1.7494586313626286 
( 57 ) 62 61  2.1495304436785148 
( 57 ) 62 62  10.468894557479317 
---------------------
( 57 ) 62 63  21.822792685807784 
( 57 ) 62 64  31.89054520356629 
( 57 ) 62 65  40.067493387801846 
( 57 ) 62 66  40.067493387801846 
( 57 ) 62 67  48.43735401754484 
( 57 ) 62 68  57.38664657008443 
( 57 ) 62 69  66.53405702843759 
( 57 ) 62 70  75.7717065715464 
( 57 ) 62 71  84.7027097748826 
( 57 ) 62 72  92.99743162901854 
( 57 ) 62 73  100.00650462082035 
( 57 ) 62 74  101.44141662496625 
( 57 ) 62 75  100.69872769575912 
( 57 ) 62 76  99.88926399992788 
( 57 ) 62 77  99.21440588104471 
Selected 10.468894557479317
( 57 ) 62 67 upcoming uturn 94.81088804012126 immediate 

53 ( 58 ) 63        in uturn 148.2607123445569 fast
( 58 ) 63 59  0.8285195099472276 
( 58 ) 63 60  1.2064493530755414 
( 58 ) 63 61  1.6058291865338958 
( 58 ) 63 62  12.084839409827225 
( 58 ) 63 63  25.923854269967705 
---------------------
( 58 ) 63 64  37.4203610603916 
( 58 ) 63 65  46.04056014438601 
( 58 ) 63 66  46.04056014438601 
( 58 ) 63 67  54.880334292309726 
( 58 ) 63 68  64.70795942437141 
( 58 ) 63 69  74.55457248574632 
( 58 ) 63 70  84.02162179536171 
( 58 ) 63 71  92.72789630262491 
( 58 ) 63 72  100.46543516613075 
( 58 ) 63 73  106.68898687284668 
( 58 ) 63 74  107.19706228065795 
( 58 ) 63 75  105.77118548773551 
( 58 ) 63 76  104.40875058358321 
( 58 ) 63 77  103.27138715302966 
( 58 ) 63 78  102.31576481676294 
Selected 25.923854269967705
( 58 ) 63 68 upcoming uturn 97.32091407196751 immediate 

54 ( 59 ) 64        in uturn 131.01270292693874 fast
( 59 ) 64 60  0.7558592716652726 
( 59 ) 64 61  1.165966246577156 
( 59 ) 64 62  15.358105736958535 
( 59 ) 64 63  32.773432279351965 
( 59 ) 64 64  45.607547663454824 
---------------------
( 59 ) 64 65  54.10869986114068 
( 59 ) 64 66  54.10869986114068 
( 59 ) 64 67  62.99250092013952 
( 59 ) 64 68  73.39651032540107 
( 59 ) 64 69  83.51666495043067 
( 59 ) 64 70  92.71259703645073 
( 59 ) 64 71  100.76362577415834 
( 59 ) 64 72  107.65628273517181 
( 59 ) 64 73  112.96934337070815 
( 59 ) 64 74  112.65581269471478 
( 59 ) 64 75  110.65503263554288 
( 59 ) 64 76  108.81587393944363 
( 59 ) 64 77  107.26928088333507 
( 59 ) 64 78  105.95957088882335 
( 59 ) 64 79  104.84070852467353 
Selected 45.607547663454824
( 59 ) 64 69 upcoming uturn 100.6122092665647 immediate 

55 ( 60 ) 65        in uturn 113.37883093924351 fast
( 60 ) 65 61  0.8202163633588953 
( 60 ) 65 62  22.748258428278362 
( 60 ) 65 63  44.8551479511975 
( 60 ) 65 64  57.68843349983166 
( 60 ) 65 65  64.71633863141088 
---------------------
( 60 ) 65 66  64.71633863141088 
( 60 ) 65 67  72.80406638888529 
( 60 ) 65 68  83.17612836126452 
( 60 ) 65 69  92.95069735804863 
( 60 ) 65 70  101.35506552108478 
( 60 ) 65 71  108.41918824188505 
( 60 ) 65 72  114.30980696651328 
( 60 ) 65 73  118.69338952514566 
( 60 ) 65 74  117.7000848249733 
( 60 ) 65 75  115.24567598550315 
( 60 ) 65 76  113.01674065764227 
( 60 ) 65 77  111.12335128074525 
( 60 ) 65 78  109.50522222529193 
( 60 ) 65 79  108.11177199533091 
( 60 ) 65 80  106.89937697860482 
Selected 64.71633863141088
( 60 ) 65 70 upcoming uturn 102.93601792396052 immediate 

56 ( 61 ) 66        in uturn 100.58637086975833 slow
( 61 ) 66 62  45.60718310061719 
( 61 ) 66 63  66.666501876291 
( 61 ) 66 64  74.54354416636332 
( 61 ) 66 65  77.78350894989177 
( 61 ) 66 66  77.78350894989177 
---------------------
( 61 ) 66 67  83.87584524538316 
( 61 ) 66 68  93.3807997223559 
( 61 ) 66 69  102.16980072696262 
( 61 ) 66 70  109.40028029416067 
( 61 ) 66 71  115.31565003893155 
( 61 ) 66 72  120.18024295269018 
( 61 ) 66 73  123.69429824991305 
( 61 ) 66 74  122.169828789186 
( 61 ) 66 75  119.37914624134915 
( 61 ) 66 76  116.84742942024485 
( 61 ) 66 77  114.67195078890987 
( 61 ) 66 78  112.7940523107121 
( 61 ) 66 79  111.16302456954386 
( 61 ) 66 80  109.73421048409392 
( 61 ) 66 81  108.47205341596339 
Selected 77.78350894989177
( 61 ) 66 71 upcoming uturn 113.58486643341516 far 

57 ( 62 ) 67        in uturn 94.81088804012126 slow
( 62 ) 67 63  40.65390319421189 
( 62 ) 67 64  41.964829048996826 
( 62 ) 67 65  41.69093801220535 
( 62 ) 67 66  41.69093801220535 
( 62 ) 67 67  46.7010706725736 
---------------------
( 62 ) 67 68  56.36443125306442 
( 62 ) 67 69  65.01752193552062 
( 62 ) 67 70  71.75001932072576 
( 62 ) 67 71  77.04232555730937 
( 62 ) 67 72  81.27812388777757 
( 62 ) 67 73  84.17971501402235 
( 62 ) 67 74  82.02452523418944 
( 62 ) 67 75  78.73346296496734 
( 62 ) 67 76  75.76740629694828 
( 62 ) 67 77  73.21120983917572 
( 62 ) 67 78  71.00005905733131 
( 62 ) 67 79  69.07706328787047 
( 62 ) 67 80  67.39180081877889 
( 62 ) 67 81  65.9035675141169 
( 62 ) 67 0  64.58079645454693 
Selected 46.7010706725736
( 62 ) 67 72 upcoming uturn 118.78490785484973 far 

58 ( 63 ) 68        in uturn 97.32091407196751 slow
( 63 ) 68 64  2.617170492365468 
( 63 ) 68 65  1.5537428670483346 
( 63 ) 68 66  1.5537428670483346 
( 63 ) 68 67  8.094227347573376 
( 63 ) 68 68  19.937258758199714 
---------------------
( 63 ) 68 69  29.73674828104788 
( 63 ) 68 70  36.776202215542924 
( 63 ) 68 71  41.986564916864126 
( 63 ) 68 72  45.979037836936605 
( 63 ) 68 73  48.5212397217651 
( 63 ) 68 74  45.67245910639145 
( 63 ) 68 75  41.76542594311723 
( 63 ) 68 76  38.28590855619363 
( 63 ) 68 77  35.30509044458122 
( 63 ) 68 78  32.74245944499163 
( 63 ) 68 79  30.527463073977536 
( 63 ) 68 80  28.598188402490777 
( 63 ) 68 81  26.904658167775075 
( 63 ) 68 0  25.40798041327548 
( 63 ) 68 1  24.077798173271816 
Selected 19.937258758199714
( 63 ) 68 73 upcoming uturn 130.84193715420292 far 

59 ( 64 ) 69        in uturn 100.6122092665647 slow
( 64 ) 69 65  2.126748720225121 
( 64 ) 69 66  2.126748720225121 
( 64 ) 69 67  8.289000495476627 
( 64 ) 69 68  23.598191020090805 
( 64 ) 69 69  34.54100597467142 
---------------------
( 64 ) 69 70  41.47710795022884 
( 64 ) 69 71  46.21119980124725 
( 64 ) 69 72  49.656188272874545 
( 64 ) 69 73  51.612223395065854 
( 64 ) 69 74  47.90345344101003 
( 64 ) 69 75  43.25912120160169 
( 64 ) 69 76  39.1648258402562 
( 64 ) 69 77  35.6767034816601 
( 64 ) 69 78  32.696749557894506 
( 64 ) 69 79  30.138019358160584 
( 64 ) 69 80  27.92433938662335 
( 64 ) 69 81  25.994038444903957 
( 64 ) 69 0  24.29893111239992 
( 64 ) 69 1  22.801349117336184 
( 64 ) 69 2  21.470768209331077 
Selected 34.54100597467142
( 64 ) 69 74 upcoming uturn 156.6767915930107 far 

60 ( 65 ) 70        in uturn 102.93601792396052 slow
( 65 ) 70 66  1.42965327455221 
( 65 ) 70 67  21.06052244880446 
( 65 ) 70 68  39.129826590335725 
( 65 ) 70 69  49.021068387859515 
( 65 ) 70 70  54.20859627712205 
---------------------
( 65 ) 70 71  57.44713444950717 
( 65 ) 70 72  59.70880978461357 
( 65 ) 70 73  60.67473881820368 
( 65 ) 70 74  55.915605656429555 
( 65 ) 70 75  50.406085337943416 
( 65 ) 70 76  45.57529982926893 
( 65 ) 70 77  41.46948204524073 
( 65 ) 70 78  37.977092201975616 
( 65 ) 70 79  34.99479723908321 
( 65 ) 70 80  32.430510335187705 
( 65 ) 70 81  30.208730127625465 
( 65 ) 70 0  28.269916078032878 
( 65 ) 70 1  26.567304791032292 
( 65 ) 70 2  25.063116978163436 
( 65 ) 70 3  23.726280844818547 
Selected 50.406085337943416
( 65 ) 70 75 upcoming uturn 172.9613606934511 far 

61 ( 66 ) 71        in uturn 113.58486643341516 fast
( 66 ) 71 67  19.63086917425225 
( 66 ) 71 68  37.700173315783516 
( 66 ) 71 69  47.591415113307306 
( 66 ) 71 70  52.77894300256984 
( 66 ) 71 71  56.01748117495496 
---------------------
( 66 ) 71 72  58.27915651006136 
( 66 ) 71 73  59.24508554365147 
( 66 ) 71 74  54.48595238187735 
( 66 ) 71 75  48.97643206339121 
( 66 ) 71 76  44.14564655471672 
( 66 ) 71 77  40.03982877068852 
( 66 ) 71 78  36.54743892742341 
( 66 ) 71 79  33.565143964531 
( 66 ) 71 80  31.000857060635497 
( 66 ) 71 81  28.779076853073256 
( 66 ) 71 0  26.84026280348067 
( 66 ) 71 1  25.137651516480084 
( 66 ) 71 2  23.633463703611227 
( 66 ) 71 3  22.296627570266338 
( 66 ) 71 4  21.101888204104824 
Selected 44.14564655471672
( 66 ) 71 76 upcoming uturn 155.16248655504 far 

62 ( 67 ) 72        in uturn 118.78490785484973 fast
( 67 ) 72 68  35.93453859493303 
( 67 ) 72 69  41.35631637240745 
( 67 ) 72 70  43.505803571862856 
( 67 ) 72 71  44.788487989194394 
( 67 ) 72 72  45.711315402567124 
---------------------
( 67 ) 72 73  45.628372208967335 
( 67 ) 72 74  39.64801900068481 
( 67 ) 72 75  33.11424500567122 
( 67 ) 72 76  27.44124070883287 
( 67 ) 72 77  22.663532202494135 
( 67 ) 72 78  18.643838871736566 
( 67 ) 72 79  15.250459680885267 
( 67 ) 72 80  12.36563701146924 
( 67 ) 72 81  9.89296048536017 
( 67 ) 72 0  7.756712978108997 
( 67 ) 72 1  5.897862527451981 
( 67 ) 72 2  4.269322810573019 
( 67 ) 72 3  2.8329403291630335 
( 67 ) 72 4  1.5580838611674253 
( 67 ) 72 5  0.702495533821839 
Selected 22.663532202494135
( 67 ) 72 77 upcoming uturn 131.5674089585825 far 

63 ( 68 ) 73        in uturn 130.84193715420292 fast
( 68 ) 73 69  10.786608883326544 
( 68 ) 73 70  11.309151425690082 
( 68 ) 73 71  11.764246926116222 
( 68 ) 73 72  12.184703037835853 
( 68 ) 73 73  11.609838788118957 
---------------------
( 68 ) 73 74  4.356896157409352 
( 68 ) 73 75  3.2624475475056585 
( 68 ) 73 76  9.693541268125273 
( 68 ) 73 77  14.958011586949063 
( 68 ) 73 78  19.27160901731606 
( 68 ) 73 79  22.828340326023145 
( 68 ) 73 80  25.790975312178926 
( 68 ) 73 81  28.286401117422965 
( 68 ) 73 0  30.410358389956304 
( 68 ) 73 1  32.23493635482554 
( 68 ) 73 2  33.81580939560015 
( 68 ) 73 3  35.196810716527466 
( 68 ) 73 4  36.41229515025171 
( 68 ) 73 5  37.19093674951031 
( 68 ) 73 6  36.93229593607734 
Selected 19.27160901731606
( 68 ) 73 78 upcoming uturn 117.96631462037931 far 

64 ( 69 ) 74        in uturn 156.6767915930107 fast
( 69 ) 74 70  1.0450809068434381 
( 69 ) 74 71  1.4664480322092146 
( 69 ) 74 72  1.8641105149958719 
( 69 ) 74 73  1.029876890247067 
( 69 ) 74 74  7.790706825178219 
---------------------
( 69 ) 74 75  16.652298451562814 
( 69 ) 74 76  23.79528525604595 
( 69 ) 74 77  29.39139215517293 
( 69 ) 74 78  33.80773686047176 
( 69 ) 74 79  37.33760868602545 
( 69 ) 74 80  40.204351787758995 
( 69 ) 74 81  42.56993536348388 
( 69 ) 74 0  44.54985575204272 
( 69 ) 74 1  46.22715260536603 
( 69 ) 74 2  47.663509863038996 
( 69 ) 74 3  48.90594641624659 
( 69 ) 74 4  49.99033193580367 
( 69 ) 74 5  50.6308236743079 
( 69 ) 74 6  50.20790233599229 
( 69 ) 74 7  48.900054231379215 
Selected 16.652298451562814
( 69 ) 74 79 upcoming uturn 122.73406132030034 far 

65 ( 70 ) 75        in uturn 172.9613606934511 fast
( 70 ) 75 71  0.8427332978510691 
( 70 ) 75 72  1.2285418661850542 
( 70 ) 75 73  0.020299897131224043 
( 70 ) 75 74  11.196044670873256 
( 70 ) 75 75  21.65679386333433 
---------------------
( 70 ) 75 76  29.51013264708517 
( 70 ) 75 77  35.28928873355562 
( 70 ) 75 78  39.62963449822959 
( 70 ) 75 79  42.96760837600008 
( 70 ) 75 80  45.59901400466336 
( 70 ) 75 81  47.72080116751083 
( 70 ) 75 0  49.46453805710073 
( 70 ) 75 1  50.92005372224288 
( 70 ) 75 2  52.15137931725758 
( 70 ) 75 3  53.2057499787153 
( 70 ) 75 4  54.11822040087427 
( 70 ) 75 5  54.58697870753272 
( 70 ) 75 6  53.97394973625979 
( 70 ) 75 7  52.477684982795196 
( 70 ) 75 8  50.568543896459204 
Selected 21.65679386333433
( 70 ) 75 80 upcoming uturn 135.1224466077453 far 

66 ( 71 ) 76        in uturn 155.16248655504 fast
( 71 ) 76 72  0.7716163002028651 
( 71 ) 76 73  1.298071539800958 
( 71 ) 76 74  16.373260692447637 
( 71 ) 76 75  28.777359683270255 
( 71 ) 76 76  37.059863127211386 
---------------------
( 71 ) 76 77  42.62544795562189 
( 71 ) 76 78  46.54444953347017 
( 71 ) 76 79  49.4217578126332 
( 71 ) 76 80  51.61481639502736 
( 71 ) 76 81  53.33966575269427 
( 71 ) 76 0  54.730586663820176 
( 71 ) 76 1  55.874295597418076 
( 71 ) 76 2  56.830098089819394 
( 71 ) 76 3  57.64042369838167 
( 71 ) 76 4  58.33592752889975 
( 71 ) 76 5  58.59711267431895 
( 71 ) 76 6  57.76803783724172 
( 71 ) 76 7  56.0657121241117 
( 71 ) 76 8  53.967890519072206 
( 71 ) 76 9  51.900586287506385 
Selected 37.059863127211386
( 71 ) 76 81 upcoming uturn 149.68147243518916 far 

67 ( 72 ) 77        in uturn 131.5674089585825 fast
( 72 ) 77 73  4.170771547579832 
( 72 ) 77 74  26.42489031762107 
( 72 ) 77 75  40.17103707153503 
( 72 ) 77 76  47.66949731773255 
( 72 ) 77 77  52.101853622007326 
---------------------
( 72 ) 77 78  54.98644458567273 
( 72 ) 77 79  56.9962931806971 
( 72 ) 77 80  58.47452450859659 
( 72 ) 77 81  59.60876527460195 
( 72 ) 77 0  60.507150867350184 
( 72 ) 77 1  61.235530787986086 
( 72 ) 77 2  61.8372749457435 
( 72 ) 77 3  62.34272386919813 
( 72 ) 77 4  62.77327245004936 
( 72 ) 77 5  62.7899385080344 
( 72 ) 77 6  61.71992828289809 
( 72 ) 77 7  59.79590077100061 
( 72 ) 77 8  57.49818813905076 
( 72 ) 77 9  55.24743405021577 
( 72 ) 77 10  52.9567119538943 
Selected 52.101853622007326
( 72 ) 77 0 upcoming uturn 163.96812110299916 far 

68 ( 73 ) 78        in uturn 117.96631462037931 fast
( 73 ) 78 74  44.406030978873204 
( 73 ) 78 75  53.130856297683266 
( 73 ) 78 76  56.76874140899532 
( 73 ) 78 77  58.60516197850234 
( 73 ) 78 78  59.699114432145834 
---------------------
( 73 ) 78 79  60.41594290059291 
( 73 ) 78 80  60.922613574177234 
( 73 ) 78 81  61.30252802542164 
( 73 ) 78 0  61.59925772764679 
( 73 ) 78 1  61.83694809758451 
( 73 ) 78 2  62.03106253220846 
( 73 ) 78 3  62.192636211558835 
( 73 ) 78 4  62.32927533350689 
( 73 ) 78 5  62.07994629893045 
( 73 ) 78 6  60.753665952238435 
( 73 ) 78 7  58.596616022313526 
( 73 ) 78 8  56.08940339910891 
( 73 ) 78 9  53.64593352143856 
( 73 ) 78 10  51.1778037121516 
( 73 ) 78 11  48.63210100380667 
Selected 59.699114432145834
( 73 ) 78 1 upcoming uturn 175.7481242344962 far 

69 ( 74 ) 79        in uturn 122.73406132030034 fast
( 74 ) 79 75  17.363708360075965 
( 74 ) 79 76  18.446141578544648 
( 74 ) 79 77  18.84126916244872 
( 74 ) 79 78  19.034965700283614 
( 74 ) 79 79  19.139273483322214 
---------------------
( 74 ) 79 80  19.204177660352638 
( 74 ) 79 81  19.251332309913025 
( 74 ) 79 0  19.28863427305544 
( 74 ) 79 1  19.318340721291957 
( 74 ) 79 2  19.341951585864603 
( 74 ) 79 3  19.361231274669244 
( 74 ) 79 4  19.377334195152464 
( 74 ) 79 5  18.998688778625713 
( 74 ) 79 6  17.493634784310824 
( 74 ) 79 7  15.134275941538986 
( 74 ) 79 8  12.427425508079075 
( 74 ) 79 9  9.804554148093095 
( 74 ) 79 10  7.170271036041106 
( 74 ) 79 11  4.466619282340313 
( 74 ) 79 12  1.8230747797960802 
Selected 19.377334195152464
( 74 ) 79 2 upcoming uturn 179.594703200964 far 

70 ( 75 ) 80        in uturn 135.1224466077453 fast
( 75 ) 80 76  2.1639321986192117 
( 75 ) 80 77  2.215644540320125 
( 75 ) 80 78  2.22779434943995 
( 75 ) 80 79  2.2190083866727885 
( 75 ) 80 80  2.2081859671139794 
---------------------
( 75 ) 80 81  2.201902099235358 
( 75 ) 80 0  2.1996281759337935 
( 75 ) 80 1  2.198704648769186 
( 75 ) 80 2  2.197815893862565 
( 75 ) 80 3  2.197063356651407 
( 75 ) 80 4  2.1964879221517886 
( 75 ) 80 5  1.7711677211887578 
( 75 ) 80 6  0.13997053737785992 
( 75 ) 80 7  2.391649738488468 
( 75 ) 80 8  5.277574970925205 
( 75 ) 80 9  8.056887839540087 
( 75 ) 80 10  10.83500891903119 
( 75 ) 80 11  13.676530305286693 
( 75 ) 80 12  16.443645113902306 
( 75 ) 80 13  19.0908361892664 
Selected 5.277574970925205
( 75 ) 80 3 upcoming uturn 179.9777547890522 far 

71 ( 76 ) 81        in uturn 149.68147243518916 fast
( 76 ) 81 77  0.10342496284958269 
( 76 ) 81 78  0.09579339246344354 
( 76 ) 81 79  0.07343500011123094 
( 76 ) 81 80  0.05531725321934666 
( 76 ) 81 81  0.04556390707689517 
---------------------
( 76 ) 81 0  0.041645326232087054 
( 76 ) 81 1  0.03973995900474803 
( 76 ) 81 2  0.038119170867225716 
( 76 ) 81 3  0.03681240898746485 
( 76 ) 81 4  0.035811305579984354 
( 76 ) 81 5  0.4284914026451445 
( 76 ) 81 6  2.1936497033155016 
( 76 ) 81 7  4.913024515521214 
( 76 ) 81 8  7.993549826279302 
( 76 ) 81 9  10.93947407369258 
( 76 ) 81 10  13.868674660933776 
( 76 ) 81 11  16.853830086321576 
( 76 ) 81 12  19.747368056182445 
( 76 ) 81 13  22.501639708156873 
( 76 ) 81 14  25.107061037764073 
Selected 10.93947407369258
( 76 ) 81 4 upcoming uturn 179.98049480718754 far 

72 ( 77 ) 0        in uturn 163.96812110299916 fast
( 77 ) 0 78  0.015263139986363083 
( 77 ) 0 79  0.04498492491485129 
( 77 ) 0 80  0.06414357743525134 
( 77 ) 0 81  0.072326281376489 
( 77 ) 0 0  0.07413552898960674 
---------------------
( 77 ) 0 1  0.07429914140618332 
( 77 ) 0 2  0.0746351653977454 
( 77 ) 0 3  0.07493909878593219 
( 77 ) 0 4  0.0751262636797686 
( 77 ) 0 5  0.5851416498020647 
( 77 ) 0 6  2.5072576873480212 
( 77 ) 0 7  5.44335536152237 
( 77 ) 0 8  8.745022553628797 
( 77 ) 0 9  11.876411898702044 
( 77 ) 0 10  14.970972405479179 
( 77 ) 0 11  18.111357765101634 
( 77 ) 0 12  21.139009906977456 
( 77 ) 0 13  24.004290494543653 
( 77 ) 0 14  26.69909930176752 
( 77 ) 0 15  29.22815874557154 
Selected 14.970972405479179
( 77 ) 0 5 upcoming uturn 178.97736433879703 far 

73 ( 78 ) 1        in uturn 175.7481242344962 fast
( 78 ) 1 79  0.0594434939322821 
( 78 ) 1 80  0.0733205739427163 
( 78 ) 1 81  0.076084120966608 
( 78 ) 1 0  0.07359043467346549 
( 78 ) 1 1  0.07084316278195191 
---------------------
( 78 ) 1 2  0.06926733238325433 
( 78 ) 1 3  0.06820106822584471 
( 78 ) 1 4  0.06734599018875831 
( 78 ) 1 5  0.6332424419398476 
( 78 ) 1 6  2.7429466146391444 
( 78 ) 1 7  5.932718345587565 
( 78 ) 1 8  9.488218366086715 
( 78 ) 1 9  12.827258556934222 
( 78 ) 1 10  16.103196659915483 
( 78 ) 1 11  19.411227099314143 
( 78 ) 1 12  22.580469139298923 
( 78 ) 1 13  25.55965354999809 
( 78 ) 1 14  28.343060722770893 
( 78 ) 1 15  30.93876234128958 
( 78 ) 1 16  33.55396719873027 
Selected 19.411227099314143
( 78 ) 1 6 upcoming uturn 174.62220344382123 far 

74 ( 79 ) 2        in uturn 179.594703200964 fast
( 79 ) 2 80  0.02775413924958403 
( 79 ) 2 81  0.024960929591450354 
( 79 ) 2 0  0.01886258261215179 
( 79 ) 2 1  0.01424958398888887 
( 79 ) 2 2  0.01178860526790082 
---------------------
( 79 ) 2 3  0.010217169149871252 
( 79 ) 2 4  0.009031423682479778 
( 79 ) 2 5  0.6455798502017368 
( 79 ) 2 6  2.9839575674873986 
( 79 ) 2 7  6.4748360989849685 
( 79 ) 2 8  10.324407394212157 
( 79 ) 2 9  13.896729296189493 
( 79 ) 2 10  17.371310834328096 
( 79 ) 2 11  20.8594620259907 
( 79 ) 2 12  24.176540749993983 
( 79 ) 2 13  27.270349402136315 
( 79 ) 2 14  30.13884912392739 
( 79 ) 2 15  32.79470786303813 
( 79 ) 2 16  35.467083183921176 
( 79 ) 2 17  38.50314056328077 
Selected 20.8594620259907
( 79 ) 2 7 upcoming uturn 166.81924904909908 far 

75 ( 80 ) 3        in uturn 179.9777547890522 fast
( 80 ) 3 81  0.005586420371532896 
( 80 ) 3 0  0.01333733781328894 
( 80 ) 3 1  0.01800607824307099 
( 80 ) 3 2  0.01995692265410942 
( 80 ) 3 3  0.021044367865628466 
---------------------
( 80 ) 3 4  0.021843171566551245 
( 80 ) 3 5  0.7061646342003214 
( 80 ) 3 6  3.328840128326916 
( 80 ) 3 7  7.182063206503333 
( 80 ) 3 8  11.374949165469458 
( 80 ) 3 9  15.209109359553981 
( 80 ) 3 10  18.89951962628005 
( 80 ) 3 11  22.578713185671525 
( 80 ) 3 12  26.046789859598007 
( 80 ) 3 13  29.251863455079427 
( 80 ) 3 14  32.19743965165761 
( 80 ) 3 15  34.90244258735151 
( 80 ) 3 16  37.62138958957855 
( 80 ) 3 17  40.73794996745528 
( 80 ) 3 18  44.24976770336923 
Selected 18.89951962628005
( 80 ) 3 8 upcoming uturn 156.47460117752556 far 

76 ( 81 ) 4        in uturn 179.98049480718754 fast
( 81 ) 4 0  0.015501838894257935 
( 81 ) 4 1  0.018629492659193114 
( 81 ) 4 2  0.019160675547123196 
( 81 ) 4 3  0.019322437686331462 
( 81 ) 4 4  0.019508104211532373 
---------------------
( 81 ) 4 5  0.8304965487036234 
( 81 ) 4 6  3.8152021922185084 
( 81 ) 4 7  8.111222934870206 
( 81 ) 4 8  12.707600744883557 
( 81 ) 4 9  16.833851319888158 
( 81 ) 4 10  20.75486796861477 
( 81 ) 4 11  24.631883413810954 
( 81 ) 4 12  28.24829714156868 
( 81 ) 4 13  31.554591709774122 
( 81 ) 4 14  34.56243481564185 
( 81 ) 4 15  37.299152749949066 
( 81 ) 4 16  40.04849303375358 
( 81 ) 4 17  43.23464388119676 
( 81 ) 4 18  46.88230391805547 
( 81 ) 4 19  50.53265117819996 
Selected 20.75486796861477
( 81 ) 4 9 upcoming uturn 145.3007598448182 far 

