83
0 0.878696313098643 16.911829435393354 16.03313312229471
1 0.8802304199941355 21.644659019741958 20.764428599747824
2 0.8806457387985392 27.433836614618357 26.55319087581982
3 0.8802026919069617 34.58274761504311 33.70254492313615
4 5.997166637866813 43.60605379434936 37.608887156482545
5 22.97298160809339 53.92743506040455 30.954453452311157
6 40.42655750183175 62.94439917648628 22.517841674654527
7 52.08052522294884 69.98929987359914 17.908774650650294
8 55.55535921023491 75.85955316552327 20.304193955288355
9 61.118882240990914 82.7033346898399 21.584452448848992
10 68.29060173110454 90.47545025625662 22.184848525152077
11 71.83918375434624 99.15566663885025 27.316482884504012
12 73.83794383482082 109.97887990411513 36.14093606929431
13 75.24218373742379 122.97955183203294 47.73736809460915
14 76.3766467955471 137.5428571124509 61.166210316903786
15 82.23742977550802 153.36796898344002 71.130539207932
16 97.88773651908113 169.77534400844735 71.88760748936622
17 123.66750181612774 -174.35573810203522 61.97676008183703
18 154.70227614496892 -160.55092119365077 44.74680266138034
19 168.48609978842228 -150.44794551540357 41.06595469617412
20 -171.99611050706508 -140.75436559277475 31.241744914290337
21 -140.83295934223378 -132.82019873968164 8.012760602552135
22 -112.97669632781982 -130.6677544224065 17.691058094586666
23 -107.62943314809374 -135.30656068941454 27.6771275413208
24 -106.44173766584359 -142.1417947508951 35.7000570850515
25 -105.4949523070947 -150.80894716032913 45.31399485323442
26 -114.5354333671819 -161.94922855903445 47.41379519185256
27 -138.84138223011533 -173.92423511564124 35.08285288552591
28 -165.0415003879721 176.26749233806913 18.691007273958803
29 165.11538268107893 169.8438371406743 4.728454459595383
30 142.16251444215007 169.3509048239626 27.188390381812525
31 127.50641910889776 175.08448740115824 47.57806829226048
32 159.52981078812448 -173.1104119489978 27.359777262877742
33 -167.03480347128266 -165.38333858312333 1.6514648881593246
34 -141.2829483477758 -164.05667438439968 22.773726036623884
35 -154.80538664648026 -169.9230542019878 15.117667555507552
36 179.65530336843557 -173.39475890234831 6.949937729216117
37 -119.51095488722113 -168.2007390672425 48.68978418002136
38 -129.40082541737456 -178.9468804526275 49.54605503525295
39 -177.28088867454252 169.89070518555124 12.828406139906235
40 161.17178318383094 167.55146760612254 6.379684422291604
41 142.37190585236968 170.16501720651067 27.79311135414099
42 129.79186476627157 178.12796999607525 48.33610522980368
43 120.31436972507392 -169.53540709646956 70.15022317845654
44 145.90351172568003 -152.87141404216112 61.22507423215882
45 177.2424352166022 -137.96824168481658 44.789323098581235
46 -152.8791982180414 -126.29394653988037 26.585251678161043
47 -138.1894509259504 -119.01706146008999 19.17238946586042
48 -131.15297174026514 -113.48930858890407 17.663663151361078
49 -124.09417303114876 -108.14351676343414 15.95065626771462
50 -119.56390201554788 -103.07922903393697 16.484672981610913
51 -115.37213034130478 -98.0220612505035 17.350069090801284
52 -110.90908241249339 -92.45797045940473 18.451111953088656
53 -106.09630667981303 -86.31329990742213 19.78300677239089
54 -100.17212472554799 -79.41453571288082 20.757589012667168
55 -93.65729569065638 -71.75621459201135 21.901081098645037
56 -91.53091408568892 -63.39155235971825 28.139361725970673
57 -90.58575648649304 -53.10753480146768 37.47822168502536
58 -89.75723697654581 -40.63923785863259 49.11799911791322
59 -89.00137770488054 -26.387793728048194 62.613583976832345
60 -88.18116134152164 -10.32145525962774 77.8597060818939
61 -42.57397824090445 8.405343240093835 50.97932148099829
62 -1.920075046692557 21.297383108688475 23.21745815538103
63 0.697095445672911 26.781743539951908 26.084648094278997
64 -1.42965327455221 32.695114935658786 34.124768210210995
65 0.0 41.333628237189636 41.333628237189636
66 19.63086917425225 43.25223336072784 23.621364186475592
67 55.56540776918528 49.210967846597285 6.354439922587993
68 66.35201665251182 47.25039605573156 19.101620596780265
69 67.39709755935526 42.04639550172168 25.350702057633576
70 68.23983085720633 35.57975997471101 32.66007088249532
71 69.0114471574092 27.593537005852113 41.41791015155708
72 64.84067560982936 17.538782567115476 47.301893042713886
73 20.43464463095616 5.635756826491617 14.798887804464544
74 3.070936270880196 1.7949806436594997 1.2759556272206964
75 0.9070040722609842 1.8397308650186557 0.9327267927576715
76 0.8035791094114015 2.633839194598433 1.8302600851870314
77 0.8188422493977646 3.7834467546417136 2.964604505243949
78 0.8782857433300467 5.33196920016523 4.453683456835184
79 0.9060398825796308 7.33493162672544 6.428891744145809
80 0.9004534622080979 9.871255770724218 8.97080230851612
81 0.8849516233138399 13.031008544939835 12.146056921625995
