83
0 0.878696313098643 1.9003502996039976 1.0216539865053544
1 0.8802304199941355 6.267481968358481 5.387251548364345
2 0.8806457387985392 14.07082529949885 13.19017956070031
3 0.8802026919069617 24.41039433718845 23.530191645281487
4 5.997166637866813 35.58018551317835 29.583018875311538
5 22.97298160809339 46.54397054203862 23.57098893394523
6 40.42655750183175 55.51648937391585 15.089931872084101
7 52.08052522294884 61.77554308680175 9.695017863852904
8 55.55535921023491 66.13598179291012 10.580622582675204
9 61.118882240990914 70.07245662758486 8.953574386593942
10 68.29060173110454 73.11832394780727 4.827722216702725
11 71.83918375434624 75.9012646848609 4.062080930514668
12 73.83794383482082 81.06069675564073 7.222752920819914
13 75.24218373742379 90.70004115337052 15.457857415946734
14 76.3766467955471 106.14000630376236 29.76335950821526
15 82.23742977550802 125.35618116598897 43.11875139048095
16 97.88773651908113 147.0888649305309 49.20112841144976
17 123.66750181612774 170.67867769265828 47.011175876530544
18 154.70227614496892 -165.2966886515681 40.00103520346295
19 168.48609978842228 -144.54740528808344 46.96649492349428
20 -171.99611050706508 -127.15933877485412 44.83677173221096
21 -140.83295934223378 -114.42983400203691 26.403125340196866
22 -112.97669632781982 -109.39632772380905 3.580368604010772
23 -107.62943314809374 -114.43180062764908 6.802367479555343
24 -106.44173766584359 -125.52989396666246 19.088156300818866
25 -105.4949523070947 -143.0088893566066 37.513937049511895
26 -114.5354333671819 -166.3034740612504 51.7680406940685
27 -138.84138223011533 169.59634433588917 51.56227343399553
28 -165.0415003879721 157.58956510891912 37.36893450310879
29 165.11538268107893 157.21784101636052 7.897541664718403
30 142.16251444215007 167.4925858646804 25.330071422530324
31 127.50641910889776 -178.16434296277853 54.32923792832372
32 159.52981078812448 -168.6020490144403 31.868140197435196
33 -167.03480347128266 -152.65021847018394 14.384585001098714
34 -141.2829483477758 -144.8456779894567 3.562729641680903
35 -154.80538664648026 -152.4596234491448 2.345763197335458
36 179.65530336843557 -161.71830605551395 18.626390576050483
37 -119.51095488722113 -169.32255732693818 49.81160243971705
38 -129.40082541737456 167.10378611204155 63.49538847058386
39 -177.28088867454252 146.94762967355163 35.771481651905845
40 161.17178318383094 139.85628892349956 21.315494260331377
41 142.37190585236968 142.8043427376362 0.4324368852665259
42 129.79186476627157 155.035203174863 25.243338408591427
43 120.31436972507392 174.95781890502082 54.6434491799469
44 145.90351172568003 -162.74929366270763 51.34719461161234
45 177.2424352166022 -145.3456520193916 37.41191276400622
46 -152.8791982180414 -133.0632991925962 19.81589902544522
47 -138.1894509259504 -125.6646116165805 12.52483930936991
48 -131.15297174026514 -120.21200295021117 10.940968790053972
49 -124.09417303114876 -115.20771566199356 8.886457369155195
50 -119.56390201554788 -110.42622460932417 9.137677406223716
51 -115.37213034130478 -105.24661738124595 10.125512960058828
52 -110.90908241249339 -100.4698251458818 10.439257266611591
53 -106.09630667981303 -96.40118987196841 9.695116807844613
54 -100.17212472554799 -93.13698638615223 7.035138339395758
55 -93.65729569065638 -90.90620813422615 2.7510875564302353
56 -91.53091408568892 -89.81128152187155 1.7196325638173704
57 -90.58575648649304 -81.0620195282096 9.523736958283436
58 -89.75723697654581 -64.66190221652533 25.095334760020478
59 -89.00137770488054 -44.14968931309099 44.85168839178955
60 -88.18116134152164 -24.28503907346966 63.89612226805198
61 -42.57397824090445 -10.397652391629881 32.17632584927457
62 -1.920075046692557 4.127092431669148 6.047167478361705
63 0.697095445672911 18.01718371150716 17.320088265834247
64 -1.42965327455221 35.238101420344336 36.667754694896544
65 0.0 52.77894300256984 52.77894300256984
66 19.63086917425225 56.01748117495496 36.38661200070271
67 55.56540776918528 65.34218457681938 9.7767768076341
68 66.35201665251182 67.17524655730423 0.823229904792413
69 67.39709755935526 58.5613098273336 8.835787732021657
70 68.23983085720633 45.74030369602093 22.499527161185398
71 69.0114471574092 31.179967729994942 37.83147942741425
72 64.84067560982936 16.909593535401864 47.93108207442749
73 20.43464463095616 5.1415611776835295 15.293083453272631
74 3.070936270880196 1.2953711476339471 1.775565123246249
75 0.9070040722609842 0.8627503037662168 0.044253768494767476
76 0.8035791094114015 0.8614401651840891 0.05786105577268752
77 0.8188422493977646 0.8777146384010083 0.05887238900324365
78 0.8782857433300467 0.8896854121797165 0.011399668849669808
79 0.9060398825796308 0.8900743485979475 0.01596553398168321
80 0.9004534622080979 0.8849955147140023 0.01545794749409557
81 0.8849516233138399 0.8809453579965655 0.004006265317274438
