83
0 0.878696313098643 25.38147337126258 24.502777058163936
1 0.8802304199941355 30.674131341043257 29.793900921049122
2 0.8806457387985392 36.87209351903601 35.991447780237465
3 0.8802026919069617 44.11530229051708 43.23509959861012
4 5.997166637866813 52.79839012902138 46.801223491154566
5 22.97298160809339 62.52977717433431 39.55679556624092
6 40.42655750183175 71.4282700659922 31.001712564160442
7 52.08052522294884 79.25787703437736 27.177351811428515
8 55.55535921023491 87.05669755374852 31.50133834351361
9 61.118882240990914 96.35337042942311 35.234488188432195
10 68.29060173110454 106.3370171066338 38.04641537552925
11 71.83918375434624 116.25811321542005 44.418929461073816
12 73.83794383482082 126.53612165590869 52.69817782108787
13 75.24218373742379 137.47454162534748 62.2323578879237
14 76.3766467955471 149.2232162515936 72.84656945604651
15 82.23742977550802 161.96320562591515 79.72577585040713
16 97.88773651908113 175.26284202387046 77.37510550478933
17 123.66750181612774 -171.7583913412483 64.57410684262396
18 154.70227614496892 -160.2361400296428 45.06158382538831
19 168.48609978842228 -151.69128752697898 39.82261268459877
20 -171.99611050706508 -143.77417664536304 28.22193386170204
21 -140.83295934223378 -137.60702602146776 3.2259333207660177
22 -112.97669632781982 -136.3900745920064 23.41337826418659
23 -107.62943314809374 -141.0667565761258 33.43732342803207
24 -106.44173766584359 -147.79569721951435 41.35395955367076
25 -105.4949523070947 -156.00414533116245 50.50919302406774
26 -114.5354333671819 -165.97263379701565 51.43720042983375
27 -138.84138223011533 -176.23357999517611 37.392197765060786
28 -165.0415003879721 175.65673382414468 19.301765787883255
29 165.11538268107893 170.79037426041248 5.67499157933355
30 142.16251444215007 171.17325388658833 29.010739444438258
31 127.50641910889776 176.80816095312167 49.30174184422391
32 159.52981078812448 -172.732009380744 27.73817983113156
33 -167.03480347128266 -165.65837713692025 1.3764263343624066
34 -141.2829483477758 -163.84444053014408 22.561492182368283
35 -154.80538664648026 -167.79720335349583 12.991816707015573
36 179.65530336843557 -169.61892722983427 10.72576940173019
37 -119.51095488722113 -164.35851096755601 44.84755608033488
38 -129.40082541737456 -172.08695107832136 42.6861256609468
39 -177.28088867454252 -179.88042210840177 2.59953343385925
40 161.17178318383094 179.96005800620466 18.788274822373722
41 142.37190585236968 -176.13018729312304 41.49790685450728
42 129.79186476627157 -168.13349774796268 62.07463748576572
43 120.31436972507392 -157.01508533723282 82.67054493769325
44 145.90351172568003 -142.8461489554423 71.25033931887765
45 177.2424352166022 -129.865276333159 52.89228845023882
46 -152.8791982180414 -119.37506405391099 33.50413416413042
47 -138.1894509259504 -112.2598029535642 25.929647972386206
48 -131.15297174026514 -106.49949147291677 24.65348026734837
49 -124.09417303114876 -100.83205444783142 23.26211858331733
50 -119.56390201554788 -95.25557602447385 24.308325991074028
51 -115.37213034130478 -89.15307615872874 26.219054182576045
52 -110.90908241249339 -82.23544139197821 28.673641020515177
53 -106.09630667981303 -74.34648947021333 31.749817209599698
54 -100.17212472554799 -65.62589276033125 34.546231965216734
55 -93.65729569065638 -56.533259436804585 37.1240362538518
56 -91.53091408568892 -47.441383494215856 44.089530591473064
57 -90.58575648649304 -37.650863681397084 52.934892805095956
58 -89.75723697654581 -26.977659999509243 62.77957697703657
59 -89.00137770488054 -15.353131196581657 73.64824650829888
60 -88.18116134152164 -2.558612714060189 85.62254862746146
61 -42.57397824090445 12.100481673151137 54.67445991405559
62 -1.920075046692557 22.227207127922465 24.14728217461502
63 0.697095445672911 26.382093304830324 25.684997859157413
64 -1.42965327455221 30.820081376692045 32.24973465124425
65 0.0 37.33457530023781 37.33457530023781
66 19.63086917425225 38.389669710443044 18.758800536190794
67 55.56540776918528 42.57897843161989 12.98642933756539
68 66.35201665251182 40.35174158669664 26.00027506581518
69 67.39709755935526 35.691047859732734 31.706049699622525
70 68.23983085720633 30.247825484676007 37.99200537253032
71 69.0114471574092 23.840143496578122 45.17130366083107
72 64.84067560982936 16.046040554835933 48.79463505499343
73 20.43464463095616 7.029893639385094 13.404750991571067
74 3.070936270880196 4.670299402766179 1.5993631318859824
75 0.9070040722609842 5.552677634835375 4.64567356257439
76 0.8035791094114015 7.10605909148201 6.302479982070608
77 0.8188422493977646 8.997575654032225 8.17873340463446
78 0.8782857433300467 11.252483110077751 10.374197366747705
79 0.9060398825796308 13.92947666269178 13.02343678011215
80 0.9004534622080979 17.11540127365868 16.214947811450582
81 0.8849516233138399 20.898232012314644 20.013280389000805
